0 0,7464628 0 0 0 0 360 360 360 360 0 0
2 0,7374502 0 0 0 0 360 360 360 360 0 0
2 0,7534809 0 0 0 0 360 360 360 360 0 0
2 0,7608583 0 0 0 0 360 360 360 360 255 0
2 0,7460767 0 0 0 0 360 360 360 360 255 0
2 0,7344057 0 0 0 0 360 360 360 360 255 0
2 0,7451853 0 0 0 0 360 360 360 360 255 0
2 0,7518931 0 0 0 0 360 360 360 360 255 0
2 0,7401238 0 0 0 0 360 360 360 360 255 0
2 0,7364624 0 0 0 0 360 360 360 360 255 0
2 0,7676865 0 0 0 0 360 360 360 360 255 0
2 0,8170913 0 0 0 0 360 360 360 360 255 0
2 0,8553916 0 0 0 0 360 360 360 360 255 0
2 0,8877103 0 0 0 0 360 360 360 360 255 0
2 0,9499543 0 0 0 0 360 360 360 360 255 0
2 1,037273 0 0 0 0 360 360 360 360 255 0
2 1,099487 0 0 0 0 360 360 360 360 255 0
2 1,166827 0 0 0 0 360 360 360 360 255 0
2 1,261784 0 0 0 0 360 360 360 360 255 0
2 1,354844 0 0 0 0 360 360 360 360 255 0
2 1,453558 0 0 0 0 360 360 360 360 255 0
2 1,557209 0 0 0 0 360 360 360 360 255 0
2 1,652417 0 0 0 0 360 360 360 360 255 0
2 1,769662 0 0 0 0 360 360 360 360 255 0
2 1,921153 0 0 0 0 360 360 360 360 255 0
2 2,063632 0 0 0 0 360 360 360 360 255 0
2 2,224486 0 0 0 0 360 360 360 360 255 0
2 2,398445 0 0 0 0 360 360 360 360 255 0
2 2,544576 0 0 0 0 360 360 360 360 255 0
2 2,710427 0 0 0 0 360 360 360 360 255 0
2 2,894625 0 0 0 0 360 360 360 360 255 0
2 3,046002 0 0 0 0 360 360 360 360 255 0
2 3,217526 0 0 0 0 360 360 360 360 255 0
2 3,405497 0 0 0 0 360 360 360 360 255 0
2 3,577486 0 0 0 0 360 360 360 360 255 0
2 3,733912 0 0 0 0 360 360 360 360 255 0
2 3,926919 0 0 0 0 360 360 360 361 255 0
2 4,086364 0 0 0 0 360 360 360 361 255 0
2 4,265229 0 0 0 0 360 360 361 361 255 0
2 4,466268 0 0 0 0 360 360 361 361 255 0
2 4,633249 0 0 0 0 360 360 361 361 255 0
2 4,821354 0 0 0 0 360 360 361 361 255 0
2 5,032208 0 0 0 0 360 360 360 361 255 0
2 5,205585 0 0 0 0 360 360 360 361 255 0
2 5,400636 0 0 0 0 360 360 360 361 255 0
2 5,616999 0 0 0 0 360 360 360 361 255 0
2 5,815282 0 0 0 0 360 360 360 361 255 0
2 6,014482 0 0 0 0 360 360 360 361 255 0
2 6,214454 0 0 0 0 360 360 361 361 255 0
2 6,394398 0 0 0 0 360 360 361 361 255 0
2 6,594532 0 0 0 0 360 360 361 361 255 0
2 6,814571 0 0 0 0 360 360 361 361 255 0
2 6,993913 0 0 0 0 360 360 361 361 255 0
2 7,192666 0 0 0 0 360 360 361 361 255 0
2 7,411196 0 0 0 0 360 360 361 361 255 0
2 7,590748 0 0 0 0 360 360 361 361 255 0
2 7,790761 0 0 0 0 360 360 361 361 255 0
2 8,012462 0 0 0 0 360 360 361 361 255 0
2 8,194267 0 0 0 0 360 360 361 361 255 0
2 8,396584 0 0 0 0 360 360 361 361 255 0
2 8,619284 0 0 0 0 360 360 361 361 255 0
2 8,801827 0 0 0 0 360 360 361 361 255 0
2 9,004936 0 0 0 0 360 360 361 361 255 0
2 9,228461 0 0 0 0 360 360 361 361 255 0
2 9,410612 0 0 0 0 360 360 361 361 255 0
2 9,613194 0 0 0 0 360 360 361 361 255 0
2 9,835975 0 0 0 0 360 360 361 361 255 0
2 10,01819 0 0 0 0 360 360 361 361 255 0
2 10,22015 0 0 0 0 360 360 361 361 255 0
2 10,44243 0 0 0 0 360 360 361 361 255 0
2 10,62557 0 0 0 0 360 360 361 361 255 0
2 10,82893 0 0 0 0 360 360 361 361 255 0
2 11,05343 0 0 0 0 360 360 361 361 255 0
2 11,23768 0 0 0 0 360 360 361 361 255 0
2 11,44264 0 0 0 0 360 360 361 361 255 0
2 11,66824 0 0 0 0 360 360 361 361 255 0
2 11,85278 0 0 0 0 360 360 361 361 255 0
2 12,05801 0 0 0 0 360 360 361 361 255 0
2 12,28409 0 0 0 0 360 360 361 361 255 0
2 12,46941 0 0 0 0 360 360 361 361 255 0
2 12,67502 0 0 0 0 360 360 361 361 255 0
2 12,90079 0 0 0 0 360 360 361 361 255 0
2 13,10533 0 0 0 0 360 360 361 361 255 0
2 13,28874 0 0 0 0 360 360 361 361 255 0
2 13,51175 0 0 0 0 360 360 361 361 255 0
2 13,68623 0 0 0 0 360 360 361 361 255 0
2 13,86116 0 0 0 0 360 360 361 361 255 0
2 14,04871 0 0 0 0 360 360 361 361 255 0
2 14,21579 0 0 0 0 360 360 361 361 255 0
2 14,40873 0 0 0 0 360 360 361 361 255 0
2 14,61654 0 0 0 0 360 360 361 361 255 0
2 14,77853 0 0 0 0 360 360 361 361 255 0
2 14,95256 0 0 0 0 360 360 361 361 255 0
2 15,14145 0 0 0 0 360 360 361 361 255 0
2 15,29467 0 0 0 0 360 360 361 361 255 0
2 15,46361 0 0 0 0 360 360 361 361 255 0
2 15,64787 0 0 0 0 360 360 361 361 255 0
2 15,79947 0 0 0 0 360 360 361 361 255 0
2 15,96754 0 0 0 0 360 360 361 361 255 0
2 16,15304 0 0 0 0 360 360 361 361 255 0
2 16,305 0 0 0 0 360 360 361 361 255 0
2 16,47434 0 0 0 0 360 360 361 361 255 0
2 16,66191 0 0 0 0 360 360 361 361 255 0
2 16,81519 0 0 0 0 360 360 361 361 255 0
2 16,98568 0 0 0 0 360 360 361 361 255 0
2 17,17201 0 0 0 0 360 360 361 361 255 0
2 17,32335 0 0 0 0 360 360 361 361 255 0
2 17,48953 0 0 0 0 360 360 361 361 255 0
2 17,67017 0 0 0 0 360 360 361 361 255 0
2 17,81631 0 0 0 0 360 360 361 361 255 0
2 17,97744 0 0 0 0 360 360 361 361 255 0
2 18,15331 0 0 0 0 360 360 361 361 255 0
2 18,2966 0 0 0 0 360 360 361 361 255 0
2 18,45542 0 0 0 0 360 360 361 361 255 0
2 18,62991 0 0 0 0 360 360 361 361 255 0
2 18,7723 0 0 0 0 360 360 361 361 255 0
2 18,93015 0 0 0 0 360 360 361 361 255 0
2 19,10295 0 0 0 0 360 360 361 361 255 0
2 19,24315 0 0 0 0 360 360 361 361 255 0
2 19,39749 0 0 0 0 360 360 361 361 255 0
2 19,56491 0 0 0 0 360 360 361 361 255 0
2 19,70001 0 0 0 0 360 360 361 361 255 0
2 19,84855 0 0 0 0 360 360 361 361 255 0
2 20,00973 0 0 0 0 360 360 361 361 255 0
2 20,14014 0 0 0 0 360 360 361 361 255 0
2 20,28354 0 0 0 0 360 360 361 361 255 0
2 20,43916 0 0 0 0 360 360 361 361 255 0
2 20,56472 0 0 0 0 360 360 361 361 255 0
2 20,70249 0 0 0 0 360 360 361 361 255 0
2 20,85194 0 0 0 0 360 360 361 361 255 0
2 20,97266 0 0 0 0 360 360 361 361 255 0
2 21,1053 0 0 0 0 360 360 361 361 255 0
2 21,24926 0 0 0 0 360 360 361 361 255 0
2 21,36565 0 0 0 0 360 360 361 361 255 0
2 21,49339 0 0 0 0 360 360 361 361 255 0
2 21,63194 0 0 0 0 360 360 361 361 255 0
2 21,7381 0 0 0 0 360 360 361 361 76 0
2 21,67624 0 0 0 0 360 360 361 361 76 0
2 21,70924 0 0 0 0 360 360 361 361 76 0
2 21,67346 0 0 0 0 360 360 361 361 76 0
2 21,68202 0 0 0 0 360 360 361 361 255 0
2 21,75978 0 0 0 0 360 360 361 361 255 0
2 21,75754 0 0 0 0 360 360 361 361 255 0
2 21,86165 0 0 0 0 360 360 361 361 255 0
2 22,03921 0 0 0 0 360 360 361 361 255 0
2 22,21665 0 0 0 0 360 360 361 361 255 0
2 22,42708 0 0 0 0 360 360 361 361 255 0
2 22,66328 0 0 0 0 360 360 361 361 255 0
2 22,84254 0 0 0 0 360 360 361 361 255 0
2 23,00764 0 0 0 0 360 360 361 361 255 0
2 23,15927 0 0 0 0 360 360 361 361 255 0
2 23,28953 0 0 0 0 360 360 361 361 255 0
2 23,4345 0 0 0 0 360 360 361 361 255 0
2 23,58116 0 0 0 0 360 360 361 361 255 0
2 23,68878 0 0 0 0 360 360 361 361 255 0
2 23,80992 0 0 0 0 360 360 361 361 255 0
2 23,91637 0 0 0 0 360 360 361 361 255 0
2 24,01323 0 0 0 0 360 360 361 361 255 0
2 24,12435 0 0 0 0 360 360 361 361 255 0
2 24,25047 0 0 0 0 360 360 361 361 255 0
2 24,35595 0 0 0 0 360 360 361 361 255 0
2 24,47456 0 0 0 0 360 360 361 361 255 0
2 24,60529 0 0 0 0 360 360 361 361 255 0
2 24,71344 0 0 0 0 360 360 361 361 255 0
2 24,8334 0 0 0 0 360 360 361 361 255 0
2 24,96435 0 0 0 0 360 360 361 361 255 0
2 25,07062 0 0 0 0 360 360 361 361 255 0
2 25,18824 0 0 0 0 360 360 361 361 255 0
2 25,31723 0 0 0 0 360 360 361 361 255 0
2 25,4228 0 0 0 0 360 360 361 361 255 0
2 25,54027 0 0 0 0 360 360 361 361 255 0
2 25,66949 0 0 0 0 360 360 361 361 255 0
2 25,77541 0 0 0 0 360 360 361 361 255 0
2 25,89312 0 0 0 0 360 360 361 361 255 0
2 26,02282 0 0 0 0 360 360 361 361 255 0
2 26,12876 0 0 0 0 360 360 361 361 255 0
2 26,24623 0 0 0 0 360 360 361 361 255 0
2 26,3752 0 0 0 0 360 360 361 361 255 0
2 26,48059 0 0 0 0 360 360 361 361 255 0
2 26,59722 0 0 0 0 360 360 361 361 255 0
2 26,72487 0 0 0 0 360 360 361 361 255 0
2 26,82835 0 0 0 0 360 360 361 361 255 0
2 26,94302 0 0 0 0 360 360 361 361 255 0
2 27,06861 0 0 0 0 360 360 361 361 255 0
2 27,17047 0 0 0 0 360 360 361 361 255 0
2 27,28331 0 0 0 0 360 360 361 361 255 0
2 27,40632 0 0 0 0 360 360 361 361 255 0
2 27,50531 0 0 0 0 360 360 361 361 255 0
2 27,61524 0 0 0 0 360 360 361 361 255 0
2 27,73567 0 0 0 0 360 360 361 361 255 0
2 27,83439 0 0 0 0 360 360 361 361 255 0
2 27,94475 0 0 0 0 360 360 361 361 255 0
2 28,06653 0 0 0 0 360 360 361 361 255 0
2 28,16564 0 0 0 0 360 360 361 361 255 0
2 28,27492 0 0 0 0 360 360 361 361 255 0
2 28,39363 0 0 0 0 360 360 361 361 255 0
2 28,4895 0 0 0 0 360 360 361 361 255 0
2 28,59439 0 0 0 0 360 360 361 361 255 0
2 28,70867 0 0 0 0 360 360 361 361 255 0
2 28,80171 0 0 0 0 360 360 361 361 255 0
2 28,9046 0 0 0 0 360 360 361 361 255 0
2 29,01801 0 0 0 0 360 360 361 361 255 0
2 29,11116 0 0 0 0 360 360 361 361 255 0
2 29,21474 0 0 0 0 360 360 361 361 255 0
2 29,32762 0 0 0 0 360 360 361 361 255 0
2 29,41816 0 0 0 0 360 360 361 361 255 0
2 29,51673 0 0 0 0 360 360 361 361 255 0
2 29,62278 0 0 0 0 360 360 361 361 255 0
2 29,70787 0 0 0 0 360 360 361 361 255 0
2 29,80128 0 0 0 0 360 360 361 360 255 0
2 29,90351 0 0 0 0 360 360 361 360 255 0
2 29,98686 0 0 0 0 360 360 361 360 255 0
2 30,07883 0 0 0 0 360 360 361 360 255 0
2 30,17866 0 0 0 0 360 360 361 360 255 0
2 30,25869 0 0 0 0 360 360 361 360 255 0
2 30,34624 0 0 0 0 360 360 361 360 255 0
2 30,44052 0 0 0 0 360 360 361 360 255 0
2 30,51825 0 0 0 0 360 360 361 360 255 0
2 30,60525 0 0 0 0 360 360 361 360 255 0
2 30,70207 0 0 0 0 360 360 361 360 255 0
2 30,78191 0 0 0 0 360 360 361 360 255 0
2 30,87088 0 0 0 0 360 360 361 360 255 0
2 30,96818 0 0 0 0 360 360 361 360 255 0
2 31,04725 0 0 0 0 360 360 361 360 255 0
2 31,1345 0 0 0 0 360 360 361 361 255 0
2 31,22949 0 0 0 0 360 360 361 361 255 0
2 31,30673 0 0 0 0 360 360 361 361 255 0
2 31,39218 0 0 0 0 360 360 361 361 255 0
2 31,48636 0 0 0 0 360 360 361 361 255 0
2 31,53341 0 0 0 0 360 360 361 361 76 0
2 31,49022 0 0 0 0 360 360 361 361 76 0
2 31,49904 0 0 0 0 360 360 361 360 76 0
2 31,46856 0 0 0 0 360 360 361 360 76 0
2 31,49082 0 0 0 0 360 360 361 360 255 0
2 31,50175 0 0 0 0 360 360 361 360 255 0
2 31,52829 0 0 0 0 360 360 361 360 255 0
2 31,64009 0 0 0 0 360 360 361 360 255 0
2 31,78484 0 0 0 0 360 360 361 360 255 0
2 31,93644 0 0 0 0 360 360 361 360 255 0
2 32,11484 0 0 0 0 360 360 361 361 255 0
2 32,27147 0 0 0 0 360 360 361 361 255 0
2 32,36212 0 0 0 0 360 360 361 360 255 0
2 32,46737 0 0 0 0 360 360 361 361 255 0
2 32,58343 0 0 0 0 360 360 361 361 255 0
2 32,67049 0 0 0 0 360 360 361 360 255 0
2 32,75897 0 0 0 0 360 360 361 360 255 0
2 32,85086 0 0 0 0 360 360 361 360 255 0
2 32,9269 0 0 0 0 360 360 361 360 255 0
2 33,01357 0 0 0 0 360 360 361 360 255 0
2 33,11177 0 0 0 0 360 360 361 360 255 0
2 33,19318 0 0 0 0 360 360 361 360 255 0
2 33,28268 0 0 0 0 360 360 361 360 255 0
2 33,38046 0 0 0 0 360 360 361 360 255 0
2 33,46037 0 0 0 0 360 360 361 360 255 0
2 33,5491 0 0 0 0 360 360 361 360 255 0
2 33,64693 0 0 0 0 360 360 361 360 255 0
2 33,72667 0 0 0 0 360 360 361 360 255 0
2 33,81517 0 0 0 0 360 360 361 360 255 0
2 33,91325 0 0 0 0 360 360 361 360 255 0
2 33,99359 0 0 0 0 360 360 360 360 255 0
2 34,08286 0 0 0 0 360 360 360 360 255 0
2 34,18071 0 0 0 0 360 360 360 360 255 0
2 34,26045 0 0 0 0 360 360 360 360 255 0
2 34,34901 0 0 0 0 360 360 360 360 255 0
2 34,44641 0 0 0 0 360 360 360 360 255 0
2 34,52598 0 0 0 0 360 360 360 360 255 0
2 34,61437 0 0 0 0 360 360 360 360 255 0
2 34,71131 0 0 0 0 360 360 360 360 255 0
2 34,7904 0 0 0 0 360 360 360 360 255 0
2 34,87761 0 0 0 0 360 360 360 360 255 0
2 34,97337 0 0 0 0 360 360 360 360 255 0
2 35,05158 0 0 0 0 360 360 360 360 255 0
2 35,13831 0 0 0 0 360 360 360 360 255 0
2 35,2339 0 0 0 0 360 360 360 360 255 0
2 35,3125 0 0 0 0 360 360 360 360 255 0
2 35,39979 0 0 0 0 360 360 360 360 255 0
2 35,49461 0 0 0 0 360 360 360 360 255 0
2 35,57142 0 0 0 0 360 360 360 360 255 0
2 35,65542 0 0 0 0 360 360 360 360 255 0
2 35,7477 0 0 0 0 360 360 360 360 255 0
2 35,82384 0 0 0 0 360 360 360 360 255 0
2 35,90871 0 0 0 0 360 360 360 360 255 0
2 35,99989 0 0 0 0 360 360 360 360 255 0
2 36,07262 0 0 0 0 360 360 360 360 255 0
2 36,15321 0 0 0 0 360 360 360 360 255 0
2 36,24287 0 0 0 0 360 360 360 360 255 0
2 36,3177 0 0 0 0 360 360 360 360 255 0
2 36,40237 0 0 0 0 360 360 360 360 255 0
2 36,49833 0 0 0 0 360 360 360 360 255 0
2 36,57757 0 0 0 0 360 360 360 360 255 0
2 36,67021 0 0 0 0 360 360 360 360 255 0
2 36,74923 0 0 0 0 360 360 360 360 255 0
2 36,82671 0 0 0 0 360 360 360 360 255 0
2 36,89564 0 0 0 0 360 360 360 360 255 0
2 36,98112 0 0 0 0 360 360 360 360 255 0
2 37,0531 0 0 0 0 360 360 360 360 255 0
2 37,13672 0 0 0 0 360 360 360 360 255 0
2 37,2282 0 0 0 0 360 360 360 360 255 0
2 37,29847 0 0 0 0 360 360 360 360 255 0
2 37,37141 0 0 0 0 360 360 360 360 255 0
2 37,4515 0 0 0 0 360 360 360 360 255 0
2 37,52161 0 0 0 0 360 360 360 360 255 0
2 37,60748 0 0 0 0 360 360 360 360 255 0
2 37,7134 0 0 0 0 360 360 360 360 255 0
2 37,80218 0 0 0 0 360 360 360 360 255 0
2 37,89756 0 0 0 0 360 360 360 360 255 0
2 37,99213 0 0 0 0 360 360 360 360 255 0
2 38,06298 0 0 0 0 360 360 360 360 255 0
2 38,13914 0 0 0 0 360 360 360 360 255 0
2 38,22288 0 0 0 0 360 360 360 360 255 0
2 38,28935 0 0 0 0 360 360 360 360 255 0
2 38,36308 0 0 0 0 360 360 360 360 255 0
2 38,44234 0 0 0 0 360 360 360 360 255 0
2 38,50342 0 0 0 0 360 360 360 360 255 0
2 38,57166 0 0 0 0 360 360 360 360 255 0
2 38,64996 0 0 0 0 360 360 360 360 255 0
2 38,71859 0 0 0 0 360 360 360 360 255 0
2 38,7896 0 0 0 0 360 360 360 360 255 0
2 38,86501 0 0 0 0 360 360 360 360 255 0
2 38,92916 0 0 0 0 360 360 360 360 255 0
2 39,00478 0 0 0 0 360 360 360 360 255 0
2 39,08666 0 0 0 0 360 360 360 360 255 0
2 39,15851 0 0 0 0 360 360 360 360 255 0
2 39,24233 0 0 0 0 360 360 360 360 255 0
2 39,34061 0 0 0 0 360 360 360 360 255 0
2 39,42324 0 0 0 0 360 360 360 360 255 0
2 39,51465 0 0 0 0 360 360 360 360 255 0
2 39,61212 0 0 0 0 360 360 360 360 255 0
2 39,68615 0 0 0 0 360 360 360 360 255 0
2 39,76247 0 0 0 0 360 360 360 360 255 0
2 39,84382 0 0 0 0 360 360 360 360 255 0
2 39,91063 0 0 0 0 360 360 360 360 255 0
2 39,98566 0 0 0 0 360 360 360 360 255 0
2 40,0675 0 0 0 0 360 360 360 360 255 0
2 40,13125 0 0 0 0 360 360 360 360 255 0
2 40,19844 0 0 0 0 360 360 360 360 255 0
2 40,27039 0 0 0 0 360 360 360 360 255 0
2 40,31902 0 0 0 0 360 360 360 360 255 0
2 40,36125 0 0 0 0 360 360 360 360 255 0
2 40,41352 0 0 0 0 360 360 360 360 255 0
2 40,45813 0 0 0 0 360 360 360 360 76 0
2 40,47132 0 0 0 0 360 360 360 360 76 0
2 40,48205 0 0 0 0 360 360 360 360 76 0
2 40,47245 0 0 0 0 360 360 360 360 76 0
2 40,49069 0 0 0 0 360 360 360 360 255 0
2 40,50327 0 0 0 0 360 360 360 360 255 0
2 40,53546 0 0 0 0 360 360 360 360 255 0
2 40,62532 0 0 0 0 360 360 360 360 255 0
2 40,73986 0 0 0 0 360 360 360 360 255 0
2 40,8627 0 0 0 0 360 360 360 360 255 0
2 40,99334 0 0 0 0 360 360 360 360 255 0
2 41,11992 0 0 0 0 360 360 360 360 255 0
2 41,20374 0 0 0 0 360 360 360 360 255 0
2 41,26399 0 0 0 0 360 360 360 360 255 0
2 41,35158 0 0 0 0 360 360 360 360 255 0
2 41,4342 0 0 0 0 360 360 360 360 255 0
2 41,52396 0 0 0 0 360 360 360 360 255 0
2 41,61102 0 0 0 0 360 360 360 360 255 0
2 41,67629 0 0 0 0 360 360 360 360 255 0
2 41,74907 0 0 0 0 360 360 360 360 255 0
2 41,8329 0 0 0 0 360 360 360 360 255 0
2 41,9014 0 0 0 0 360 360 360 360 255 0
2 41,97445 0 0 0 0 360 360 360 360 255 0
2 42,05242 0 0 0 0 360 360 360 360 255 0
2 42,11628 0 0 0 0 360 360 360 360 255 0
2 42,19022 0 0 0 0 360 360 360 360 255 0
2 42,27615 0 0 0 0 360 360 360 360 255 0
2 42,34833 0 0 0 0 360 360 360 360 255 0
2 42,42793 0 0 0 0 360 360 360 360 255 0
2 42,51323 0 0 0 0 360 360 360 360 255 0
2 42,58155 0 0 0 0 360 360 360 360 255 0
2 42,65665 0 0 0 0 360 360 360 360 255 0
2 42,73836 0 0 0 0 360 360 360 360 255 0
2 42,8047 0 0 0 0 360 360 360 360 255 0
2 42,87816 0 0 0 0 360 360 360 360 255 0
2 42,95879 0 0 0 0 360 360 360 360 255 0
2 43,02139 0 0 0 0 360 360 360 360 255 0
2 43,0907 0 0 0 0 360 360 360 360 255 0
2 43,16861 0 0 0 0 360 360 360 360 255 0
2 43,23512 0 0 0 0 360 360 360 360 255 0
2 43,31286 0 0 0 0 360 360 360 360 255 0
2 43,40155 0 0 0 0 360 360 360 360 255 0
2 43,47393 0 0 0 0 360 360 360 360 255 0
2 43,55214 0 0 0 0 360 360 360 360 255 0
2 43,63536 0 0 0 0 360 360 360 360 255 0
2 43,70219 0 0 0 0 360 360 360 360 255 0
2 43,77601 0 0 0 0 360 360 360 360 255 0
2 43,85726 0 0 0 0 360 360 360 360 255 0
2 43,92336 0 0 0 0 360 360 360 360 255 0
2 43,99619 0 0 0 0 360 360 360 360 255 0
2 44,07782 0 0 0 0 360 360 360 360 255 0
2 44,14528 0 0 0 0 360 360 360 360 255 0
2 44,21992 0 0 0 0 360 360 360 360 255 0
2 44,30087 0 0 0 0 360 360 360 360 255 0
2 44,36513 0 0 0 0 360 360 360 360 255 0
2 44,43468 0 0 0 0 360 360 360 360 255 0
2 44,51031 0 0 0 0 360 360 360 360 255 0
2 44,5726 0 0 0 0 360 360 360 360 255 0
2 44,64264 0 0 0 0 360 360 360 360 255 0
2 44,72059 0 0 0 0 360 360 360 360 255 0
2 44,78481 0 0 0 0 360 360 360 360 255 0
2 44,85606 0 0 0 0 360 360 360 360 255 0
2 44,935 0 0 0 0 360 360 360 360 255 0
2 44,99985 0 0 0 0 360 360 360 360 255 0
2 45,07039 0 0 0 0 360 360 360 360 255 0
2 45,14663 0 0 0 0 360 360 360 360 255 0
2 45,20909 0 0 0 0 360 360 360 360 255 0
2 45,27934 0 0 0 0 360 360 360 360 255 0
2 45,3587 0 0 0 0 360 360 360 360 255 0
2 45,42432 0 0 0 0 360 360 360 360 255 0
2 45,4969 0 0 0 0 360 360 360 360 255 0
2 45,57604 0 0 0 0 360 360 360 360 255 0
2 45,64407 0 0 0 0 360 360 360 360 255 0
2 45,71919 0 0 0 0 360 360 360 360 255 0
2 45,79831 0 0 0 0 360 360 360 360 255 0
2 45,86094 0 0 0 0 360 360 360 360 255 0
2 45,9286 0 0 0 0 360 360 360 360 255 0
2 46,00095 0 0 0 0 360 360 360 360 255 0
2 46,06091 0 0 0 0 360 360 360 360 255 0
2 46,1282 0 0 0 0 360 360 360 360 255 0
2 46,20104 0 0 0 0 360 360 360 360 255 0
2 46,26006 0 0 0 0 360 360 360 360 255 0
2 46,32491 0 0 0 0 360 360 360 360 255 0
2 46,39433 0 0 0 0 360 360 360 360 255 0
2 46,45205 0 0 0 0 360 360 360 360 255 0
2 46,5152 0 0 0 0 360 360 360 360 255 0
2 46,58521 0 0 0 0 360 360 360 360 255 0
2 46,64158 0 0 0 0 360 360 360 360 255 0
2 46,70238 0 0 0 0 360 360 360 360 255 0
2 46,76981 0 0 0 0 360 360 360 360 255 0
2 46,82415 0 0 0 0 360 360 360 360 255 0
2 46,88411 0 0 0 0 360 360 360 360 255 0
2 46,94817 0 0 0 0 360 360 360 360 255 0
2 46,99865 0 0 0 0 360 360 360 360 255 0
2 47,05713 0 0 0 0 360 360 360 360 255 0
2 47,12071 0 0 0 0 360 360 360 360 255 0
2 47,1725 0 0 0 0 360 360 360 360 255 0
2 47,22632 0 0 0 0 360 360 360 360 255 0
2 47,28327 0 0 0 0 360 360 360 360 255 0
2 47,3339 0 0 0 0 360 360 360 360 255 0
2 47,39017 0 0 0 0 360 360 360 360 255 0
2 47,45308 0 0 0 0 360 360 360 360 255 0
2 47,50232 0 0 0 0 360 360 360 360 255 0
2 47,55259 0 0 0 0 360 360 360 360 255 0
2 47,60821 0 0 0 0 360 360 360 360 255 0
2 47,65428 0 0 0 0 360 360 360 360 255 0
2 47,70805 0 0 0 0 360 360 360 360 255 0
2 47,7672 0 0 0 0 360 360 360 360 255 0
2 47,81335 0 0 0 0 360 360 360 360 255 0
2 47,8642 0 0 0 0 360 360 360 360 255 0
2 47,92042 0 0 0 0 360 360 360 360 255 0
2 47,96724 0 0 0 0 360 360 360 360 255 0
2 48,01915 0 0 0 0 360 360 360 360 255 0
2 48,07483 0 0 0 0 360 360 360 360 255 0
2 48,12877 0 0 0 0 360 360 360 360 255 0
2 48,1765 0 0 0 0 360 360 360 360 255 0
2 48,23429 0 0 0 0 360 360 360 360 255 0
2 48,2798 0 0 0 0 360 360 360 360 255 0
2 48,32773 0 0 0 0 360 360 360 360 255 0
2 48,37809 0 0 0 0 360 360 360 360 255 0
2 48,41859 0 0 0 0 360 360 360 360 255 0
2 48,46458 0 0 0 0 360 360 360 360 255 0
2 48,51999 0 0 0 0 360 360 360 360 255 0
2 48,56598 0 0 0 0 360 360 360 360 255 0
2 48,61641 0 0 0 0 360 360 360 360 255 0
2 48,66973 0 0 0 0 360 360 360 360 255 0
2 48,71086 0 0 0 0 360 360 360 360 255 0
2 48,75576 0 0 0 0 360 360 360 360 255 0
2 48,80618 0 0 0 0 360 360 360 360 255 0
2 48,84839 0 0 0 0 360 360 360 360 255 0
2 48,8957 0 0 0 0 360 360 360 360 255 0
2 48,94607 0 0 0 0 360 360 360 360 255 0
2 48,98548 0 0 0 0 360 360 360 360 255 0
2 49,02777 0 0 0 0 360 360 360 360 255 0
2 49,07448 0 0 0 0 360 360 360 360 255 0
2 49,1181 0 0 0 0 360 360 360 360 255 0
2 49,16797 0 0 0 0 360 360 360 360 255 0
2 49,22168 0 0 0 0 360 360 360 360 255 0
2 49,26319 0 0 0 0 360 360 360 360 255 0
2 49,30535 0 0 0 0 360 360 360 360 255 0
2 49,34832 0 0 0 0 360 360 360 360 255 0
2 49,38266 0 0 0 0 360 360 360 360 255 0
2 49,42243 0 0 0 0 360 360 360 360 255 0
2 49,47091 0 0 0 0 360 360 360 360 255 0
2 49,51401 0 0 0 0 360 360 360 360 255 0
2 49,55104 0 0 0 0 360 360 360 360 255 0
2 49,59313 0 0 0 0 360 360 360 360 255 0
2 49,62455 0 0 0 0 360 360 360 360 255 0
2 49,6571 0 0 0 0 360 360 360 360 255 0
2 49,69184 0 0 0 0 360 360 360 360 255 0
2 49,72082 0 0 0 0 360 360 360 360 255 0
2 49,75345 0 0 0 0 360 360 360 360 255 0
2 49,78886 0 0 0 0 360 360 360 360 255 0
2 49,8171 0 0 0 0 360 360 360 360 255 0
2 49,84732 0 0 0 0 360 360 360 360 255 0
2 49,87897 0 0 0 0 360 360 360 360 255 0
2 49,9038 0 0 0 0 360 360 360 360 255 0
2 49,93036 0 0 0 0 360 360 360 360 255 0
2 49,95874 0 0 0 0 360 360 360 360 255 0
2 49,98117 0 0 0 0 361 360 360 360 255 0
2 50,0032 0 0 0 0 361 360 360 360 255 0
2 50,02541 0 0 0 0 361 360 360 360 255 0
2 50,04266 0 0 0 0 361 360 360 360 255 0
2 50,06102 0 0 0 0 361 360 360 360 255 0
2 50,08059 0 0 0 0 361 360 360 360 255 0
2 50,09619 0 0 0 0 361 360 361 360 255 0
2 50,11222 0 0 0 0 361 360 361 360 255 0
2 50,12782 0 0 0 0 361 360 361 360 255 0
2 50,13923 0 0 0 0 361 360 361 360 255 0
2 50,14983 0 0 0 0 361 360 361 360 255 0
2 50,15915 0 0 0 0 361 360 361 360 255 0
2 50,16531 0 0 0 0 361 360 361 360 255 0
2 50,17128 0 0 0 0 361 360 361 360 255 0
2 50,17846 0 0 0 0 361 360 361 360 255 0
2 50,18459 0 0 0 0 361 360 361 360 255 0
2 50,1917 0 0 0 0 361 360 361 360 255 0
2 50,1997 0 0 0 0 361 360 361 360 255 0
2 50,20619 0 0 0 0 361 360 361 360 255 0
2 50,21294 0 0 0 0 361 360 361 360 255 0
2 50,21989 0 0 0 0 361 361 361 360 255 0
2 50,22512 0 0 0 0 361 361 361 360 255 0
2 50,23054 0 0 0 0 361 361 361 360 255 0
2 50,23615 0 0 0 0 361 361 361 360 255 0
2 50,24047 0 0 0 0 361 361 361 360 255 0
2 50,24477 0 0 0 0 361 361 361 360 255 0
2 50,25069 0 0 0 0 361 361 361 361 255 0
2 50,25518 0 0 0 0 361 361 361 361 255 0
2 50,26009 0 0 0 0 361 361 361 361 255 0
2 50,26504 0 0 0 0 361 361 361 361 255 0
2 50,26686 0 0 0 0 361 361 361 361 255 0
2 50,2668 0 0 0 0 361 361 361 361 255 0
2 50,26482 0 0 0 0 361 361 361 361 255 0
2 50,26207 0 0 0 0 361 361 361 361 255 0
2 50,26007 0 0 0 0 361 361 361 361 255 0
2 50,25922 0 0 0 0 361 361 361 361 255 0
2 50,25953 0 0 0 0 361 361 361 361 255 0
2 50,26049 0 0 0 0 361 361 361 361 255 0
2 50,262 0 0 0 0 361 361 361 361 255 0
2 50,26341 0 0 0 0 361 361 361 361 255 0
2 50,26488 0 0 0 0 361 361 361 361 255 0
2 50,26604 0 0 0 0 361 361 361 361 255 0
2 50,26644 0 0 0 0 361 361 361 361 255 0
2 50,26625 0 0 0 0 361 361 361 361 255 0
2 50,26535 0 0 0 0 361 361 361 361 255 0
2 50,26389 0 0 0 0 361 361 361 361 255 0
2 50,26291 0 0 0 0 361 361 361 361 255 0
2 50,26246 0 0 0 0 361 361 361 361 255 0
2 50,26334 0 0 0 0 361 361 361 361 255 0
2 50,26283 0 0 0 0 361 361 361 361 255 0
2 50,26033 0 0 0 0 361 361 361 361 255 0
2 50,26074 0 0 0 0 361 361 361 361 255 0
2 50,26122 0 0 0 0 361 361 361 361 255 0
2 50,26236 0 0 0 0 361 361 361 361 255 0
2 50,25895 0 0 0 0 361 361 361 361 255 0
2 50,26019 0 0 0 0 361 361 361 361 255 0
2 50,25956 0 0 0 0 361 361 361 361 255 0
2 50,25771 0 0 0 0 361 361 361 361 255 0
2 50,2602 0 0 0 0 361 361 361 361 255 0
2 50,25455 0 0 0 0 361 361 361 361 255 0
2 50,24794 0 0 0 0 361 361 361 361 255 0
2 50,23788 0 0 0 0 361 361 361 361 241 0
2 50,21816 0 0 0 0 361 361 361 361 181 0
2 50,20136 0 0 0 0 361 361 361 361 102 0
2 50,17582 0 0 0 0 361 361 361 361 0 0
2 50,11466 0 0 0 0 361 361 361 361 0 0
2 50,0403 0 0 0 0 361 361 361 361 0 113
2 49,91558 0 0 0 0 361 361 361 361 0 255
2 49,73538 0 0 0 0 361 361 361 361 0 255
2 49,57455 0 0 0 0 361 361 361 361 0 255
2 49,39218 0 0 0 0 361 361 361 361 0 255
2 49,1813 0 0 0 0 361 361 361 361 0 255
2 49,00441 0 0 0 0 361 361 361 361 0 255
2 48,79316 0 0 0 0 361 361 361 361 0 255
2 48,57384 0 0 0 0 361 361 361 361 0 255
2 48,39576 0 0 0 0 361 361 361 361 0 255
2 48,20726 0 0 0 0 361 361 361 361 102 255
2 47,97267 0 0 0 0 361 361 361 361 102 255
2 47,8196 0 0 0 0 361 361 361 361 102 255
2 47,63009 0 0 0 0 361 361 361 361 102 255
2 47,43087 0 0 0 0 361 361 361 361 0 255
2 47,25544 0 0 0 0 361 361 361 361 0 255
2 47,08424 0 0 0 0 361 361 361 361 0 255
2 46,89019 0 0 0 0 361 361 361 361 0 255
2 46,726 0 0 0 0 361 361 361 361 0 255
2 46,53676 0 0 0 0 361 361 361 361 0 255
2 46,33051 0 0 0 0 361 361 361 361 0 255
2 46,14922 0 0 0 0 361 361 361 361 0 255
2 45,96815 0 0 0 0 361 361 361 361 0 255
2 45,76301 0 0 0 0 361 361 361 361 0 255
2 45,5899 0 0 0 0 361 361 361 361 0 255
2 45,37068 0 0 0 0 361 361 361 361 0 255
2 45,16514 0 0 0 0 361 361 361 361 0 255
2 45,01481 0 0 0 0 361 361 361 361 0 255
2 44,85032 0 0 0 0 361 361 361 361 0 255
2 44,60853 0 0 0 0 361 361 361 361 0 255
2 44,43153 0 0 0 0 361 361 361 361 0 255
2 44,25497 0 0 0 0 361 361 361 361 0 255
2 44,07734 0 0 0 0 361 361 361 361 0 255
2 43,88926 0 0 0 0 361 361 361 361 0 255
2 43,71092 0 0 0 0 361 361 361 361 0 255
2 43,50784 0 0 0 0 361 361 361 361 0 255
2 43,3639 0 0 0 0 361 361 361 361 0 255
2 43,1891 0 0 0 0 361 361 361 361 0 255
2 42,98373 0 0 0 0 361 361 361 361 0 255
2 42,823 0 0 0 0 361 361 361 361 0 255
2 42,64942 0 0 0 0 361 361 361 361 0 255
2 42,42618 0 0 0 0 361 361 361 361 0 255
2 42,25519 0 0 0 0 361 361 361 361 0 255
2 42,07071 0 0 0 0 361 361 361 361 0 255
2 41,87288 0 0 0 0 361 361 361 361 0 255
2 41,68449 0 0 0 0 361 361 361 361 0 255
2 41,48741 0 0 0 0 361 361 361 361 0 255
2 41,29131 0 0 0 0 361 361 361 361 0 255
2 41,15235 0 0 0 0 361 361 361 361 0 255
2 40,97604 0 0 0 0 361 361 361 361 0 255
2 40,77405 0 0 0 0 361 361 361 361 0 255
2 40,62634 0 0 0 0 361 361 361 361 0 255
2 40,4472 0 0 0 0 361 361 361 361 0 255
2 40,24406 0 0 0 0 361 361 361 361 0 255
2 40,05904 0 0 0 0 361 361 361 361 0 255
2 39,85409 0 0 0 0 361 361 361 361 0 255
2 39,60697 0 0 0 0 361 361 361 361 0 255
2 39,36192 0 0 0 0 361 361 361 361 0 255
2 39,11325 0 0 0 0 361 361 361 361 0 255
2 38,82321 0 0 0 0 361 361 361 361 0 255
2 38,5676 0 0 0 0 361 361 361 361 0 255
2 38,30704 0 0 0 0 361 361 361 361 0 255
2 38,00634 0 0 0 0 361 361 361 361 0 255
2 37,78533 0 0 0 0 361 361 361 361 0 255
2 37,517 0 0 0 0 361 361 361 361 0 255
2 37,28462 0 0 0 0 361 361 361 361 0 255
2 37,15167 0 0 0 0 361 361 361 361 0 255
2 37,05563 0 0 0 0 361 361 361 361 0 255
2 36,98879 0 0 0 0 361 361 361 361 0 255
2 36,95046 0 0 0 0 361 361 361 361 102 255
2 36,87183 0 0 0 0 361 361 361 361 102 255
2 36,74994 0 0 0 0 361 361 361 361 0 255
2 36,65167 0 0 0 0 361 361 361 361 0 255
2 36,54364 0 0 0 0 361 361 361 361 0 255
2 36,41965 0 0 0 0 361 361 361 361 0 255
2 36,26132 0 0 0 0 361 361 361 361 0 255
2 36,03833 0 0 0 0 361 361 361 361 0 255
2 35,76661 0 0 0 0 361 361 361 361 0 255
2 35,52627 0 0 0 0 361 361 361 361 0 255
2 35,24311 0 0 0 0 361 361 361 361 0 255
2 34,91398 0 0 0 0 361 361 361 361 0 255
2 34,63132 0 0 0 0 361 361 361 361 0 255
2 34,28783 0 0 0 0 361 361 361 361 0 255
2 33,96814 0 0 0 0 361 361 361 361 0 255
2 33,64645 0 0 0 0 361 361 361 361 0 255
2 33,28262 0 0 0 0 361 361 361 361 0 255
2 32,83103 0 0 0 0 361 361 361 361 0 255
2 32,48616 0 0 0 0 361 361 361 361 0 255
2 32,10553 0 0 0 0 361 361 361 361 0 255
2 31,74013 0 0 0 0 361 361 361 361 0 255
2 31,56652 0 0 0 0 361 361 361 361 0 255
2 31,42546 0 0 0 0 361 361 361 361 0 255
2 31,17814 0 0 0 0 361 361 361 361 0 255
2 30,89217 0 0 0 0 361 361 361 361 0 255
2 30,5967 0 0 0 0 361 361 361 361 0 255
2 30,33793 0 0 0 0 361 361 361 361 0 255
2 30,178 0 0 0 0 361 361 361 361 0 255
2 29,98013 0 0 0 0 361 361 361 361 0 255
2 29,77205 0 0 0 0 361 361 361 361 0 255
2 29,58933 0 0 0 0 361 361 361 361 0 255
2 29,44706 0 0 0 0 361 361 361 361 0 255
2 29,30902 0 0 0 0 361 361 361 361 0 255
2 29,21196 0 0 0 0 361 361 361 361 0 255
2 29,12931 0 0 0 0 361 361 361 361 0 255
2 29,02845 0 0 0 0 361 361 361 361 0 255
2 28,94827 0 0 0 0 361 361 361 361 0 255
2 28,8475 0 0 0 0 361 361 361 361 0 255
2 28,73607 0 0 0 0 361 361 361 361 102 255
2 28,64122 0 0 0 0 361 361 361 361 102 255
2 28,52232 0 0 0 0 361 361 361 361 102 255
2 28,36896 0 0 0 0 361 361 361 361 102 255
2 28,23058 0 0 0 0 361 361 361 361 102 255
2 28,05663 0 0 0 0 361 361 361 361 0 255
2 27,82431 0 0 0 0 361 361 361 361 0 255
2 27,634 0 0 0 0 361 361 361 361 0 255
2 27,38966 0 0 0 0 361 361 361 361 0 255
2 27,04303 0 0 0 0 361 361 361 361 0 255
2 26,73743 0 0 0 0 361 361 361 361 0 255
2 26,48932 0 0 0 0 361 361 361 361 0 255
2 26,19536 0 0 0 0 361 361 361 361 0 255
2 25,94205 0 0 0 0 361 361 361 361 0 255
2 25,68198 0 0 0 0 361 361 361 361 0 255
2 25,4024 0 0 0 0 361 361 361 361 0 255
2 25,16575 0 0 0 0 361 361 361 361 0 255
2 24,92304 0 0 0 0 361 361 361 361 0 255
2 24,71701 0 0 0 0 361 361 361 361 0 255
2 24,55506 0 0 0 0 361 361 361 361 0 226
2 24,36211 0 0 0 0 361 361 361 361 0 141
2 24,17151 0 0 0 0 361 361 361 361 0 0
2 24,0168 0 0 0 0 361 361 361 361 0 0
2 23,88586 0 0 0 0 361 361 361 361 0 0
2 23,7346 0 0 0 0 361 361 361 361 0 0
2 23,60712 0 0 0 0 361 361 361 361 0 0
2 23,44064 0 0 0 0 361 361 361 361 0 0
2 23,24165 0 0 0 0 361 361 361 361 0 0
2 23,07289 0 0 0 0 361 361 361 361 110 0
2 22,89042 0 0 0 0 361 361 361 361 208 0
2 22,71912 0 0 0 0 361 361 361 361 255 0
2 22,60833 0 0 0 0 361 361 361 361 255 0
2 22,50644 0 0 0 0 361 361 361 361 255 0
2 22,40876 0 0 0 0 361 361 361 361 255 0
2 22,33496 0 0 0 0 361 361 361 361 255 0
2 22,25796 0 0 0 0 361 361 361 361 255 0
2 22,18818 0 0 0 0 361 361 361 361 255 0
2 22,13865 0 0 0 0 361 361 361 361 76 0
2 22,0603 0 0 0 0 361 361 361 361 76 0
2 21,98444 0 0 0 0 361 361 361 361 76 0
2 21,91308 0 0 0 0 361 361 361 361 76 0
2 21,85242 0 0 0 0 361 361 361 361 255 0
2 21,81809 0 0 0 0 361 361 361 361 255 0
2 21,77714 0 0 0 0 361 361 361 361 255 0
2 21,78877 0 0 0 0 361 361 361 361 255 0
2 21,86049 0 0 0 0 361 361 361 361 255 0
2 21,93874 0 0 0 0 361 361 361 361 255 0
2 22,03304 0 0 0 0 361 361 361 361 255 0
2 22,13599 0 0 0 0 361 361 361 361 255 0
2 22,21076 0 0 0 0 361 361 361 361 255 0
2 22,28175 0 0 0 0 361 361 361 361 255 0
2 22,35427 0 0 0 0 361 361 361 361 255 0
2 22,41621 0 0 0 0 361 361 361 361 255 0
2 22,4872 0 0 0 0 361 361 361 361 255 0
2 22,56225 0 0 0 0 361 361 361 361 255 0
2 22,61828 0 0 0 0 361 361 361 361 255 0
2 22,67549 0 0 0 0 361 361 361 361 255 0
2 22,73587 0 0 0 0 361 361 361 361 255 0
2 22,78587 0 0 0 0 361 361 361 361 255 0
2 22,84335 0 0 0 0 361 361 361 361 255 0
2 22,90949 0 0 0 0 361 361 361 361 255 0
2 22,966 0 0 0 0 361 361 361 361 255 0
2 23,03103 0 0 0 0 361 361 361 361 255 0
2 23,10503 0 0 0 0 361 361 361 361 255 0
2 23,1664 0 0 0 0 361 361 361 361 255 0
2 23,23478 0 0 0 0 361 361 361 361 255 0
2 23,31101 0 0 0 0 361 361 361 361 255 0
2 23,37365 0 0 0 0 361 361 361 361 255 0
2 23,44409 0 0 0 0 361 361 361 361 255 0
2 23,52317 0 0 0 0 361 361 361 361 255 0
2 23,58947 0 0 0 0 361 361 361 361 255 0
2 23,66455 0 0 0 0 361 361 361 361 255 0
2 23,7486 0 0 0 0 361 361 361 361 255 0
2 23,81824 0 0 0 0 361 361 361 361 255 0
2 23,89606 0 0 0 0 361 361 361 361 255 0
2 23,98175 0 0 0 0 361 361 361 361 255 0
2 24,05174 0 0 0 0 361 361 361 361 255 0
2 24,12985 0 0 0 0 361 361 361 361 255 0
2 24,21671 0 0 0 0 361 361 361 361 255 0
2 24,28913 0 0 0 0 361 361 361 361 255 0
2 24,37144 0 0 0 0 361 361 361 361 255 0
2 24,4649 0 0 0 0 361 361 361 361 255 0
2 24,54396 0 0 0 0 361 361 361 361 255 0
2 24,63445 0 0 0 0 361 361 361 361 255 0
2 24,73715 0 0 0 0 361 361 361 361 255 0
2 24,82351 0 0 0 0 361 361 361 361 255 0
2 24,92159 0 0 0 0 361 361 361 361 255 0
2 25,03192 0 0 0 0 361 361 361 361 255 0
2 25,12376 0 0 0 0 361 361 361 361 255 0
2 25,22738 0 0 0 0 361 361 361 361 255 0
2 25,3431 0 0 0 0 361 361 361 361 255 0
2 25,43824 0 0 0 0 361 361 361 361 255 0
2 25,54312 0 0 0 0 361 361 361 361 255 0
2 25,65645 0 0 0 0 361 361 361 361 255 0
2 25,74755 0 0 0 0 361 361 361 361 255 0
2 25,84728 0 0 0 0 361 361 361 361 255 0
2 25,95578 0 0 0 0 361 361 361 361 255 0
2 26,04446 0 0 0 0 361 361 361 361 255 0
2 26,14389 0 0 0 0 361 361 361 361 255 0
2 26,25584 0 0 0 0 361 361 361 361 255 0
2 26,35009 0 0 0 0 361 361 361 361 255 0
2 26,45811 0 0 0 0 361 361 361 361 255 0
2 26,58044 0 0 0 0 361 361 361 361 255 0
2 26,68273 0 0 0 0 361 361 361 361 255 0
2 26,79812 0 0 0 0 361 361 361 361 255 0
2 26,92604 0 0 0 0 361 361 361 361 255 0
2 27,03099 0 0 0 0 361 361 361 361 255 0
2 27,14727 0 0 0 0 361 361 361 361 255 0
2 27,27405 0 0 0 0 361 361 361 361 255 0
2 27,37668 0 0 0 0 361 361 361 361 255 0
2 27,48917 0 0 0 0 361 361 361 361 255 0
2 27,61102 0 0 0 0 361 361 361 361 255 0
2 27,70908 0 0 0 0 361 361 361 361 255 0
2 27,81608 0 0 0 0 361 361 361 361 255 0
2 27,93174 0 0 0 0 361 361 361 361 255 0
2 28,02515 0 0 0 0 361 361 361 361 255 0
2 28,12824 0 0 0 0 361 361 361 361 255 0
2 28,24171 0 0 0 0 361 361 361 361 255 0
2 28,33489 0 0 0 0 361 361 361 361 255 0
2 28,4388 0 0 0 0 361 361 361 361 255 0
2 28,55362 0 0 0 0 360 361 361 361 255 0
2 28,64758 0 0 0 0 360 361 361 361 255 0
2 28,75153 0 0 0 0 360 361 361 361 255 0
2 28,86503 0 0 0 0 360 361 361 361 255 0
2 28,95713 0 0 0 0 360 361 361 361 255 0
2 29,05856 0 0 0 0 360 361 361 361 255 0
2 29,16904 0 0 0 0 360 361 361 361 255 0
2 29,25873 0 0 0 0 360 361 361 361 255 0
2 29,35759 0 0 0 0 360 361 361 361 255 0
2 29,46564 0 0 0 0 360 361 361 361 255 0
2 29,55356 0 0 0 0 360 361 361 361 255 0
2 29,65079 0 0 0 0 360 361 361 361 255 0
2 29,75741 0 0 0 0 360 361 361 361 255 0
2 29,84442 0 0 0 0 360 361 361 361 255 0
2 29,94081 0 0 0 0 360 361 361 361 255 0
2 30,04637 0 0 0 0 360 361 361 361 255 0
2 30,1321 0 0 0 0 360 361 361 361 255 0
2 30,22673 0 0 0 0 360 361 361 361 255 0
2 30,33005 0 0 0 0 360 361 361 361 255 0
2 30,41399 0 0 0 0 360 361 361 361 255 0
2 30,50679 0 0 0 0 360 361 361 361 255 0
2 30,60848 0 0 0 0 360 361 361 361 255 0
2 30,69134 0 0 0 0 360 361 361 361 255 0
2 30,78295 0 0 0 0 360 361 361 361 255 0
2 30,88286 0 0 0 0 360 361 361 361 255 0
2 30,96386 0 0 0 0 360 361 361 361 255 0
2 31,05318 0 0 0 0 360 361 361 361 255 0
2 31,15065 0 0 0 0 360 361 361 361 255 0
2 31,22993 0 0 0 0 360 361 361 361 255 0
2 31,31781 0 0 0 0 360 361 361 361 255 0
2 31,41415 0 0 0 0 360 360 361 361 255 0
2 31,49266 0 0 0 0 360 360 361 361 255 0
2 31,57925 0 0 0 0 360 360 360 361 255 0
2 31,67343 0 0 0 0 360 360 360 361 255 0
2 31,74977 0 0 0 0 360 360 360 361 255 0
2 31,83379 0 0 0 0 360 360 360 361 76 0
2 31,8307 0 0 0 0 360 360 360 361 76 0
2 31,8145 0 0 0 0 360 360 360 361 76 0
2 31,81314 0 0 0 0 360 360 360 361 76 0
2 31,79215 0 0 0 0 360 360 360 361 76 0
2 31,82321 0 0 0 0 360 360 360 361 255 0
2 31,82021 0 0 0 0 360 360 360 361 255 0
2 31,88564 0 0 0 0 360 360 360 361 255 0
2 31,9956 0 0 0 0 360 360 360 361 255 0
2 32,1304 0 0 0 0 360 360 360 361 255 0
2 32,31649 0 0 0 0 360 360 360 361 255 0
2 32,45661 0 0 0 0 360 360 360 361 255 0
2 32,5964 0 0 0 0 360 360 360 361 255 0
2 32,7226 0 0 0 0 360 360 360 361 255 0
2 32,80152 0 0 0 0 360 360 360 361 255 0
2 32,87436 0 0 0 0 360 360 360 361 255 0
2 32,95372 0 0 0 0 360 360 360 361 255 0
2 33,03379 0 0 0 0 360 360 360 361 255 0
2 33,1111 0 0 0 0 360 360 360 361 255 0
2 33,20798 0 0 0 0 360 360 360 361 255 0
2 33,28532 0 0 0 0 360 360 360 361 255 0
2 33,36814 0 0 0 0 360 360 360 361 255 0
2 33,45844 0 0 0 0 360 360 360 361 255 0
2 33,53389 0 0 0 0 360 360 360 361 255 0
2 33,62016 0 0 0 0 360 360 360 361 255 0
2 33,71727 0 0 0 0 360 360 360 361 255 0
2 33,79711 0 0 0 0 360 360 360 361 255 0
2 33,88498 0 0 0 0 360 360 360 360 255 0
2 33,97994 0 0 0 0 360 360 360 360 255 0
2 34,05647 0 0 0 0 360 360 360 360 255 0
2 34,14908 0 0 0 0 360 360 360 360 255 0
2 34,2328 0 0 0 0 360 360 360 360 255 0
2 34,30793 0 0 0 0 360 360 360 360 255 0
2 34,39102 0 0 0 0 360 360 360 360 255 0
2 34,4822 0 0 0 0 360 360 360 360 255 0
2 34,55664 0 0 0 0 360 360 360 360 255 0
2 34,63879 0 0 0 0 360 360 360 360 255 0
2 34,72908 0 0 0 0 360 360 360 360 255 0
2 34,80273 0 0 0 0 360 360 360 360 255 0
2 34,88478 0 0 0 0 360 360 360 360 255 0
2 34,97564 0 0 0 0 360 360 360 360 255 0
2 35,05862 0 0 0 0 360 360 360 360 255 0
2 35,13319 0 0 0 0 360 360 360 360 255 0
2 35,22457 0 0 0 0 360 360 360 360 255 0
2 35,29873 0 0 0 0 360 360 360 360 255 0
2 35,37987 0 0 0 0 360 360 360 360 255 0
2 35,46829 0 0 0 0 360 360 360 360 255 0
2 35,53991 0 0 0 0 360 360 360 360 255 0
2 35,61897 0 0 0 0 360 360 360 360 255 0
2 35,70523 0 0 0 0 360 360 360 360 255 0
2 35,77683 0 0 0 0 360 360 360 360 255 0
2 35,85579 0 0 0 0 360 360 360 360 255 0
2 35,94262 0 0 0 0 360 360 360 360 255 0
2 36,02179 0 0 0 0 360 360 360 360 255 0
2 36,09261 0 0 0 0 360 360 360 360 255 0
2 36,17822 0 0 0 0 360 360 360 360 255 0
2 36,24714 0 0 0 0 360 360 360 360 255 0
2 36,32451 0 0 0 0 360 360 360 360 255 0
2 36,40927 0 0 0 0 360 360 360 360 255 0
2 36,47935 0 0 0 0 360 360 360 360 255 0
2 36,55832 0 0 0 0 360 360 360 360 255 0
2 36,64437 0 0 0 0 360 360 360 360 255 0
2 36,72007 0 0 0 0 360 360 360 360 255 0
2 36,78681 0 0 0 0 360 360 360 360 255 0
2 36,86839 0 0 0 0 360 360 360 360 255 0
2 36,93605 0 0 0 0 360 360 360 360 255 0
2 37,013 0 0 0 0 360 360 360 360 255 0
2 37,09936 0 0 0 0 360 360 360 360 255 0
2 37,16693 0 0 0 0 360 360 360 360 255 0
2 37,23991 0 0 0 0 360 360 360 360 255 0
2 37,31779 0 0 0 0 360 360 360 360 255 0
2 37,38256 0 0 0 0 360 360 360 360 255 0
2 37,45407 0 0 0 0 360 360 360 360 255 0
2 37,53411 0 0 0 0 360 360 360 360 255 0
2 37,60121 0 0 0 0 360 360 360 360 255 0
2 37,67274 0 0 0 0 360 360 360 360 255 0
2 37,74789 0 0 0 0 360 360 360 360 255 0
2 37,80971 0 0 0 0 360 360 360 360 255 0
2 37,87661 0 0 0 0 360 360 360 360 255 0
2 37,9488 0 0 0 0 360 360 360 360 255 0
2 38,00916 0 0 0 0 360 360 360 360 255 0
2 38,07467 0 0 0 0 360 360 360 360 255 0
2 38,14394 0 0 0 0 360 360 360 360 255 0
2 38,20094 0 0 0 0 360 360 360 360 255 0
2 38,26336 0 0 0 0 360 360 360 360 255 0
2 38,32897 0 0 0 0 360 360 360 360 255 0
2 38,38313 0 0 0 0 360 360 360 360 255 0
2 38,44328 0 0 0 0 360 360 360 360 255 0
2 38,50578 0 0 0 0 360 360 360 360 255 0
2 38,557 0 0 0 0 360 360 360 360 255 0
2 38,61489 0 0 0 0 360 360 360 360 255 0
2 38,67411 0 0 0 0 360 360 360 360 255 0
2 38,72158 0 0 0 0 361 360 360 360 255 0
2 38,78077 0 0 0 0 361 360 360 360 255 0
2 38,82996 0 0 0 0 361 360 360 360 255 0
2 38,87406 0 0 0 0 361 360 360 360 255 0
2 38,9246 0 0 0 0 361 360 361 360 255 0
2 38,97518 0 0 0 0 361 360 361 360 255 0
2 39,01616 0 0 0 0 361 360 361 360 255 0
2 39,06355 0 0 0 0 361 360 361 360 255 0
2 39,11084 0 0 0 0 361 360 361 360 255 0
2 39,14933 0 0 0 0 361 360 361 360 255 0
2 39,19656 0 0 0 0 361 360 361 360 255 0
2 39,24598 0 0 0 0 361 360 361 360 255 0
2 39,28718 0 0 0 0 361 360 361 360 255 0
2 39,33607 0 0 0 0 361 360 361 360 255 0
2 39,38569 0 0 0 0 361 360 361 360 255 0
2 39,42574 0 0 0 0 361 360 361 360 255 0
2 39,47367 0 0 0 0 361 360 361 360 255 0
2 39,52197 0 0 0 0 361 360 361 360 255 0
2 39,55904 0 0 0 0 361 360 361 360 255 0
2 39,60134 0 0 0 0 361 360 361 360 255 0
2 39,64479 0 0 0 0 361 360 361 361 255 0
2 39,68012 0 0 0 0 361 360 361 361 255 0
2 39,72004 0 0 0 0 361 360 361 361 255 0
2 39,76034 0 0 0 0 361 360 361 361 255 0
2 39,793 0 0 0 0 361 360 361 361 255 0
2 39,8324 0 0 0 0 361 360 361 361 255 0
2 39,8729 0 0 0 0 361 360 361 361 255 0
2 39,90614 0 0 0 0 361 360 361 361 255 0
2 39,94745 0 0 0 0 361 360 361 361 255 0
2 39,99058 0 0 0 0 361 360 361 361 255 0
2 40,02463 0 0 0 0 361 360 361 361 255 0
2 40,06472 0 0 0 0 361 360 361 361 255 0
2 40,1052 0 0 0 0 361 360 361 361 255 0
2 40,14041 0 0 0 0 361 360 361 361 255 0
2 40,17451 0 0 0 0 361 361 361 361 255 0
2 40,21323 0 0 0 0 361 360 361 361 255 0
2 40,24416 0 0 0 0 361 360 361 361 255 0
2 40,2815 0 0 0 0 361 361 361 361 255 0
2 40,3204 0 0 0 0 361 360 361 361 255 0
2 40,35122 0 0 0 0 361 360 361 361 255 0
2 40,38807 0 0 0 0 361 361 361 361 255 0
2 40,42661 0 0 0 0 361 360 361 361 255 0
2 40,45725 0 0 0 0 361 361 361 361 255 0
2 40,49335 0 0 0 0 361 361 361 361 255 0
2 40,53109 0 0 0 0 361 361 361 361 255 0
2 40,56102 0 0 0 0 361 361 361 361 76 0
2 40,55953 0 0 0 0 361 361 361 361 76 0
2 40,51896 0 0 0 0 361 361 361 361 76 0
2 40,48728 0 0 0 0 361 361 361 361 76 0
2 40,43758 0 0 0 0 361 361 361 361 76 0
2 40,41303 0 0 0 0 361 361 361 361 255 0
2 40,37877 0 0 0 0 361 361 361 361 255 0
2 40,37998 0 0 0 0 361 361 361 361 255 0
2 40,42098 0 0 0 0 361 361 361 361 255 0
2 40,47704 0 0 0 0 361 361 361 361 255 0
2 40,58007 0 0 0 0 361 361 361 361 255 0
2 40,68841 0 0 0 0 361 361 361 361 255 0
2 40,75111 0 0 0 0 361 361 361 361 255 0
2 40,80216 0 0 0 0 361 361 361 361 255 0
2 40,85152 0 0 0 0 361 361 361 361 255 0
2 40,89297 0 0 0 0 361 361 361 361 255 0
2 40,9389 0 0 0 0 361 361 361 361 255 0
2 40,98328 0 0 0 0 361 361 361 361 255 0
2 41,01638 0 0 0 0 361 361 361 361 255 0
2 41,05371 0 0 0 0 361 361 361 361 255 0
2 41,09718 0 0 0 0 361 361 361 361 255 0
2 41,13385 0 0 0 0 361 361 361 361 255 0
2 41,17492 0 0 0 0 361 361 361 361 255 0
2 41,22016 0 0 0 0 361 361 361 361 255 0
2 41,2571 0 0 0 0 361 361 361 361 255 0
2 41,29863 0 0 0 0 361 361 361 361 255 0
2 41,34526 0 0 0 0 361 361 361 361 255 0
2 41,38275 0 0 0 0 361 361 361 361 255 0
2 41,42357 0 0 0 0 361 361 361 361 255 0
2 41,46903 0 0 0 0 361 361 361 361 255 0
2 41,50576 0 0 0 0 361 361 361 361 255 0
2 41,54647 0 0 0 0 361 361 361 361 255 0
2 41,59299 0 0 0 0 361 361 361 361 255 0
2 41,63036 0 0 0 0 361 361 361 361 255 0
2 41,67119 0 0 0 0 361 361 361 361 255 0
2 41,71718 0 0 0 0 361 361 361 361 255 0
2 41,75389 0 0 0 0 361 361 361 361 255 0
2 41,79456 0 0 0 0 361 361 361 361 255 0
2 41,84081 0 0 0 0 361 361 361 361 255 0
2 41,87729 0 0 0 0 361 361 361 361 255 0
2 41,91759 0 0 0 0 361 361 361 361 255 0
2 41,96275 0 0 0 0 361 361 361 361 255 0
2 41,99859 0 0 0 0 361 361 361 361 255 0
2 42,03881 0 0 0 0 361 361 361 361 255 0
2 42,08434 0 0 0 0 361 361 361 361 255 0
2 42,11994 0 0 0 0 361 361 361 361 255 0
2 42,1596 0 0 0 0 361 361 361 361 255 0
2 42,20358 0 0 0 0 361 361 361 361 255 0
2 42,24248 0 0 0 0 361 361 361 361 255 0
2 42,2781 0 0 0 0 361 361 361 361 255 0
2 42,32216 0 0 0 0 361 361 361 361 255 0
2 42,35725 0 0 0 0 361 361 361 361 255 0
2 42,39653 0 0 0 0 361 361 361 361 255 0
2 42,43935 0 0 0 0 361 361 361 361 255 0
2 42,47438 0 0 0 0 361 361 361 361 255 0
2 42,51399 0 0 0 0 361 361 361 361 255 0
2 42,55673 0 0 0 0 361 361 361 361 255 0
2 42,59203 0 0 0 0 361 361 361 361 255 0
2 42,63155 0 0 0 0 361 361 361 361 255 0
2 42,67323 0 0 0 0 361 361 361 361 255 0
2 42,70841 0 0 0 0 361 361 361 361 255 0
2 42,74796 0 0 0 0 361 361 361 361 255 0
2 42,78873 0 0 0 0 361 361 361 361 255 0
2 42,82396 0 0 0 0 361 361 361 361 255 0
2 42,86293 0 0 0 0 361 361 361 361 255 0
2 42,90281 0 0 0 0 361 361 361 361 255 0
2 42,93808 0 0 0 0 361 361 361 361 255 0
2 42,97707 0 0 0 0 361 361 361 361 255 0
2 43,01639 0 0 0 0 361 361 361 361 255 0
2 43,05158 0 0 0 0 361 361 361 361 255 0
2 43,08982 0 0 0 0 361 361 361 361 255 0
2 43,12842 0 0 0 0 361 361 361 361 255 0
2 43,16366 0 0 0 0 361 361 361 361 255 0
2 43,20168 0 0 0 0 361 361 361 361 255 0
2 43,24129 0 0 0 0 361 361 361 361 255 0
2 43,27903 0 0 0 0 361 361 361 361 255 0
2 43,3203 0 0 0 0 361 361 361 361 255 0
2 43,36396 0 0 0 0 361 361 361 361 255 0
2 43,40509 0 0 0 0 361 361 361 361 255 0
2 43,44843 0 0 0 0 361 361 361 361 255 0
2 43,49376 0 0 0 0 361 361 361 361 255 0
2 43,53555 0 0 0 0 361 361 361 361 255 0
2 43,58009 0 0 0 0 361 361 361 361 255 0
2 43,62766 0 0 0 0 361 361 361 361 255 0
2 43,67117 0 0 0 0 361 361 361 361 255 0
2 43,71774 0 0 0 0 361 361 361 361 255 0
2 43,76787 0 0 0 0 361 361 361 361 255 0
2 43,8129 0 0 0 0 361 361 361 361 255 0
2 43,86118 0 0 0 0 361 361 361 361 255 0
2 43,9141 0 0 0 0 361 361 361 361 255 0
2 43,96062 0 0 0 0 361 361 361 361 255 0
2 44,01049 0 0 0 0 361 361 361 361 255 0
2 44,06533 0 0 0 0 361 361 361 361 255 0
2 44,11283 0 0 0 0 361 361 361 361 255 0
2 44,16419 0 0 0 0 361 361 361 361 255 0
2 44,2213 0 0 0 0 361 361 361 361 255 0
2 44,27027 0 0 0 0 361 361 361 361 255 0
2 44,32395 0 0 0 0 361 361 361 361 255 0
2 44,38373 0 0 0 0 361 361 361 361 255 0
2 44,43417 0 0 0 0 361 361 361 361 255 0
2 44,49002 0 0 0 0 361 361 361 361 255 0
2 44,55272 0 0 0 0 361 361 361 361 255 0
2 44,60445 0 0 0 0 361 361 361 361 255 0
2 44,66217 0 0 0 0 361 360 361 361 255 0
2 44,726 0 0 0 0 361 361 361 361 255 0
2 44,77908 0 0 0 0 361 361 361 361 255 0
2 44,83747 0 0 0 0 361 360 361 361 255 0
2 44,90202 0 0 0 0 361 360 361 361 255 0
2 44,95469 0 0 0 0 361 360 361 361 255 0
2 45,01239 0 0 0 0 361 360 361 361 255 0
2 45,07513 0 0 0 0 361 360 361 361 255 0
2 45,127 0 0 0 0 361 360 361 361 255 0
2 45,18459 0 0 0 0 361 360 361 360 255 0
2 45,24779 0 0 0 0 361 360 361 360 255 0
2 45,29864 0 0 0 0 361 360 361 360 255 0
2 45,35398 0 0 0 0 361 360 361 360 255 0
2 45,41429 0 0 0 0 361 360 361 360 255 0
2 45,46444 0 0 0 0 361 360 361 360 255 0
2 45,51956 0 0 0 0 361 360 361 360 255 0
2 45,57959 0 0 0 0 361 360 361 360 255 0
2 45,63229 0 0 0 0 361 360 361 360 255 0
2 45,67776 0 0 0 0 361 360 361 360 255 0
2 45,7323 0 0 0 0 361 360 361 360 255 0
2 45,77712 0 0 0 0 361 360 361 360 255 0
2 45,82759 0 0 0 0 361 360 361 360 255 0
2 45,88342 0 0 0 0 361 360 361 360 255 0
2 45,92874 0 0 0 0 361 360 361 360 255 0
2 45,9785 0 0 0 0 361 360 361 360 255 0
2 46,03336 0 0 0 0 361 360 361 360 255 0
2 46,07912 0 0 0 0 361 360 361 360 255 0
2 46,13074 0 0 0 0 361 360 361 360 255 0
2 46,18795 0 0 0 0 361 360 361 360 255 0
2 46,2345 0 0 0 0 361 360 361 360 255 0
2 46,28608 0 0 0 0 361 360 361 360 255 0
2 46,34245 0 0 0 0 361 360 361 360 255 0
2 46,38824 0 0 0 0 361 360 361 360 255 0
2 46,43882 0 0 0 0 361 360 361 360 255 0
2 46,49422 0 0 0 0 361 360 361 360 255 0
2 46,53953 0 0 0 0 361 360 361 360 255 0
2 46,59004 0 0 0 0 361 360 361 360 255 0
2 46,64627 0 0 0 0 361 360 361 360 255 0
2 46,69254 0 0 0 0 361 360 361 360 255 0
2 46,74399 0 0 0 0 361 360 361 360 255 0
2 46,80048 0 0 0 0 361 360 361 360 255 0
2 46,84604 0 0 0 0 361 360 361 360 255 0
2 46,89605 0 0 0 0 361 360 361 360 255 0
2 46,95043 0 0 0 0 361 360 361 360 255 0
2 46,99476 0 0 0 0 361 360 361 360 255 0
2 47,04428 0 0 0 0 361 360 361 360 255 0
2 47,09882 0 0 0 0 361 360 361 360 255 0
2 47,14283 0 0 0 0 361 360 361 360 255 0
2 47,19143 0 0 0 0 361 360 361 360 255 0
2 47,24495 0 0 0 0 361 360 361 360 255 0
2 47,28867 0 0 0 0 361 360 361 360 255 0
2 47,33588 0 0 0 0 361 360 361 360 255 0
2 47,38828 0 0 0 0 361 360 361 360 255 0
2 47,43163 0 0 0 0 361 360 361 360 255 0
2 47,48102 0 0 0 0 361 360 361 360 255 0
2 47,53752 0 0 0 0 361 360 361 360 255 0
2 47,58487 0 0 0 0 361 360 361 360 255 0
2 47,63795 0 0 0 0 361 360 361 360 255 0
2 47,69607 0 0 0 0 360 360 361 360 255 0
2 47,74279 0 0 0 0 360 360 361 360 255 0
2 47,7943 0 0 0 0 360 360 361 360 255 0
2 47,85065 0 0 0 0 360 360 361 360 255 0
2 47,89647 0 0 0 0 360 360 361 360 255 0
2 47,94743 0 0 0 0 360 360 361 360 255 0
2 48,0034 0 0 0 0 360 360 361 360 255 0
2 48,04941 0 0 0 0 360 360 361 360 255 0
2 48,10072 0 0 0 0 360 360 361 360 255 0
2 48,15696 0 0 0 0 360 360 361 360 255 0
2 48,20304 0 0 0 0 360 360 361 360 255 0
2 48,25415 0 0 0 0 360 360 361 360 255 0
2 48,31008 0 0 0 0 360 360 361 360 255 0
2 48,35606 0 0 0 0 360 360 361 360 255 0
2 48,40701 0 0 0 0 360 360 360 360 255 0
2 48,46313 0 0 0 0 360 360 360 360 255 0
2 48,50916 0 0 0 0 360 360 360 360 255 0
2 48,55999 0 0 0 0 360 360 360 360 255 0
2 48,61588 0 0 0 0 360 360 360 360 255 0
2 48,66538 0 0 0 0 360 360 360 360 255 0
2 48,70966 0 0 0 0 360 360 360 360 255 0
2 48,7632 0 0 0 0 360 360 360 360 255 0
2 48,80373 0 0 0 0 360 360 360 360 255 0
2 48,84858 0 0 0 0 360 360 360 360 255 0
2 48,90094 0 0 0 0 360 360 360 360 255 0
2 48,94725 0 0 0 0 360 360 360 360 255 0
2 49,00303 0 0 0 0 360 360 360 360 255 0
2 49,06733 0 0 0 0 360 360 360 360 255 0
2 49,11901 0 0 0 0 360 360 360 360 255 0
2 49,17331 0 0 0 0 360 360 360 360 255 0
2 49,22999 0 0 0 0 360 360 360 360 255 0
2 49,27552 0 0 0 0 360 360 360 360 255 0
2 49,32714 0 0 0 0 360 360 360 360 255 0
2 49,38451 0 0 0 0 360 360 360 360 255 0
2 49,43025 0 0 0 0 360 360 360 360 255 0
2 49,47942 0 0 0 0 360 360 360 360 255 0
2 49,53109 0 0 0 0 360 360 360 360 255 0
2 49,57208 0 0 0 0 360 360 360 360 255 0
2 49,61713 0 0 0 0 360 360 360 360 255 0
2 49,66677 0 0 0 0 360 360 360 360 255 0
2 49,70756 0 0 0 0 360 360 360 360 255 0
2 49,75303 0 0 0 0 360 360 360 360 255 0
2 49,80333 0 0 0 0 360 360 360 360 255 0
2 49,84526 0 0 0 0 360 360 360 360 255 0
2 49,89251 0 0 0 0 360 360 360 360 255 0
2 49,945 0 0 0 0 360 360 360 360 255 0
2 49,98765 0 0 0 0 360 360 360 360 255 0
2 50,0349 0 0 0 0 360 360 360 360 255 0
2 50,08654 0 0 0 0 360 360 360 360 255 0
2 50,12771 0 0 0 0 360 360 360 360 255 0
2 50,17234 0 0 0 0 360 360 360 360 255 0
2 50,22131 0 0 0 0 360 360 360 360 255 0
2 50,26249 0 0 0 0 360 360 360 360 255 0
2 50,3095 0 0 0 0 360 360 360 360 255 0
2 50,36333 0 0 0 0 360 360 360 360 255 0
2 50,40879 0 0 0 0 360 360 360 360 255 0
2 50,45701 0 0 0 0 360 360 360 360 255 0
2 50,50756 0 0 0 0 360 360 360 360 255 0
2 50,54774 0 0 0 0 360 360 360 360 255 0
2 50,59191 0 0 0 0 360 360 360 360 255 0
2 50,6406 0 0 0 0 360 360 360 360 255 0
2 50,68056 0 0 0 0 360 360 360 360 255 0
2 50,72398 0 0 0 0 360 360 360 360 255 0
2 50,77007 0 0 0 0 360 360 360 360 255 0
2 50,80723 0 0 0 0 360 360 360 360 255 0
2 50,8489 0 0 0 0 360 360 360 360 255 0
2 50,89606 0 0 0 0 360 360 360 360 255 0
2 50,93587 0 0 0 0 360 360 360 360 255 0
2 50,98111 0 0 0 0 360 360 360 360 255 0
2 51,03151 0 0 0 0 360 360 360 360 255 0
2 51,07275 0 0 0 0 360 360 360 360 255 0
2 51,11884 0 0 0 0 360 360 360 360 255 0
2 51,16882 0 0 0 0 360 360 360 360 255 0
2 51,20899 0 0 0 0 360 360 360 360 255 0
2 51,2542 0 0 0 0 360 360 360 360 255 0
2 51,30524 0 0 0 0 360 360 360 360 255 0
2 51,3458 0 0 0 0 360 360 360 360 255 0
2 51,38958 0 0 0 0 360 360 360 360 255 0
2 51,43572 0 0 0 0 360 360 360 360 255 0
2 51,47206 0 0 0 0 360 360 360 360 255 0
2 51,51184 0 0 0 0 360 360 360 360 255 0
2 51,55586 0 0 0 0 360 360 360 360 255 0
2 51,59222 0 0 0 0 360 360 360 360 235 0
2 51,63137 0 0 0 0 360 360 360 360 170 0
2 51,52 0 0 0 0 360 360 360 360 91 140
2 51,31572 0 0 0 0 360 360 360 360 0 224
2 50,98077 0 0 0 0 360 360 360 360 0 255
2 50,63937 0 0 0 0 360 360 360 360 0 255
2 50,32199 0 0 0 0 360 360 360 360 0 255
2 49,9689 0 0 0 0 360 360 360 360 0 255
2 49,58237 0 0 0 0 360 360 360 360 0 255
2 49,26438 0 0 0 0 360 360 360 360 0 255
2 48,90439 0 0 0 0 360 360 360 360 0 255
2 48,49356 0 0 0 0 360 360 360 360 0 255
2 48,14999 0 0 0 0 360 360 360 360 0 255
2 47,76794 0 0 0 0 360 361 360 360 0 255
2 47,34258 0 0 0 0 360 361 360 360 0 255
2 46,98544 0 0 0 0 360 361 360 360 0 255
2 46,59467 0 0 0 0 360 361 360 360 0 255
2 46,17939 0 0 0 0 361 361 360 360 0 255
2 45,85149 0 0 0 0 361 361 360 360 0 255
2 45,498 0 0 0 0 361 361 360 360 0 255
2 45,11882 0 0 0 0 361 361 360 360 0 255
2 44,81236 0 0 0 0 361 361 360 360 0 255
2 44,47337 0 0 0 0 361 361 360 360 0 255
2 44,1007 0 0 0 0 361 361 360 360 0 255
2 43,79466 0 0 0 0 361 361 360 360 0 255
2 43,45277 0 0 0 0 361 361 360 360 0 255
2 43,07335 0 0 0 0 361 361 360 360 0 255
2 42,76069 0 0 0 0 361 361 360 360 0 255
2 42,41112 0 0 0 0 361 361 361 360 0 255
2 42,02497 0 0 0 0 361 361 361 361 0 255
2 41,70942 0 0 0 0 361 361 361 361 102 255
2 41,3604 0 0 0 0 361 361 361 361 102 255
2 40,9806 0 0 0 0 361 361 361 361 102 255
2 40,6721 0 0 0 0 361 361 361 361 102 255
2 40,33278 0 0 0 0 361 361 361 361 102 255
2 39,95841 0 0 0 0 361 361 361 361 0 255
2 39,65059 0 0 0 0 361 361 361 361 0 255
2 39,2974 0 0 0 0 361 361 361 361 0 255
2 38,90031 0 0 0 0 361 361 361 361 0 255
2 38,57444 0 0 0 0 361 361 361 361 0 255
2 38,2151 0 0 0 0 361 361 361 361 0 255
2 37,80927 0 0 0 0 361 361 361 361 0 255
2 37,48584 0 0 0 0 361 361 361 361 0 255
2 37,13618 0 0 0 0 361 361 361 361 0 255
2 36,75353 0 0 0 0 361 361 361 361 0 255
2 36,44638 0 0 0 0 361 361 361 361 0 255
2 36,12957 0 0 0 0 361 361 361 361 0 255
2 35,80347 0 0 0 0 361 361 361 361 0 255
2 35,53996 0 0 0 0 361 361 361 361 0 255
2 35,24665 0 0 0 0 361 361 361 361 0 255
2 34,94293 0 0 0 0 361 361 361 361 0 255
2 34,72711 0 0 0 0 361 361 361 361 0 255
2 34,457 0 0 0 0 361 361 361 361 0 255
2 34,12376 0 0 0 0 361 361 361 361 0 255
2 33,86732 0 0 0 0 361 361 361 361 0 255
2 33,64045 0 0 0 0 361 361 361 361 0 255
2 33,35302 0 0 0 0 361 361 361 361 0 255
2 33,07839 0 0 0 0 361 361 361 361 0 255
2 32,79176 0 0 0 0 361 361 361 361 0 255
2 32,55463 0 0 0 0 361 361 361 361 102 255
2 32,33546 0 0 0 0 361 361 361 361 102 255
2 32,06416 0 0 0 0 361 361 361 361 102 255
2 31,75286 0 0 0 0 361 361 361 361 102 255
2 31,50252 0 0 0 0 361 361 361 361 0 255
2 31,22783 0 0 0 0 361 361 361 361 0 255
2 30,96792 0 0 0 0 361 361 361 361 0 255
2 30,72704 0 0 0 0 361 361 361 361 0 255
2 30,42164 0 0 0 0 361 361 361 361 0 255
2 30,10081 0 0 0 0 361 361 361 361 0 255
2 29,88208 0 0 0 0 361 361 361 361 0 255
2 29,62483 0 0 0 0 361 361 361 361 0 255
2 29,29261 0 0 0 0 361 361 361 361 0 255
2 29,02398 0 0 0 0 361 361 361 361 0 255
2 28,75527 0 0 0 0 361 361 361 361 0 255
2 28,45926 0 0 0 0 361 361 361 361 0 255
2 28,18297 0 0 0 0 361 361 361 361 0 255
2 27,96177 0 0 0 0 361 361 361 361 0 255
2 27,74269 0 0 0 0 361 361 361 361 0 255
2 27,52637 0 0 0 0 361 361 361 361 0 255
2 27,24879 0 0 0 0 361 361 361 361 0 255
2 26,96355 0 0 0 0 361 361 361 361 0 255
2 26,77811 0 0 0 0 361 361 361 361 0 255
2 26,54868 0 0 0 0 361 361 361 361 0 255
2 26,24595 0 0 0 0 361 361 361 361 0 255
2 26,00306 0 0 0 0 361 361 361 361 0 255
2 25,77808 0 0 0 0 361 361 361 361 0 255
2 25,51748 0 0 0 0 361 361 361 361 0 255
2 25,26871 0 0 0 0 361 361 361 361 0 255
2 24,99447 0 0 0 0 361 361 361 361 0 255
2 24,73524 0 0 0 0 361 361 361 361 0 255
2 24,52442 0 0 0 0 361 361 361 361 0 255
2 24,25703 0 0 0 0 361 361 361 361 0 255
2 23,97084 0 0 0 0 361 361 361 361 0 255
2 23,77556 0 0 0 0 361 361 361 361 0 255
2 23,54855 0 0 0 0 361 361 361 361 0 255
2 23,25814 0 0 0 0 361 361 361 361 0 255
2 23,0273 0 0 0 0 361 361 361 361 0 255
2 22,81499 0 0 0 0 361 361 361 361 102 255
2 22,57739 0 0 0 0 361 361 361 361 102 255
2 22,36041 0 0 0 0 361 361 361 361 102 255
2 22,11885 0 0 0 0 361 361 361 361 102 255
2 21,89232 0 0 0 0 361 361 361 361 0 255
2 21,67444 0 0 0 0 361 361 361 361 0 255
2 21,41246 0 0 0 0 361 361 361 361 0 255
2 21,13748 0 0 0 0 361 361 361 361 0 255
2 20,95038 0 0 0 0 361 361 361 361 0 255
2 20,72762 0 0 0 0 361 361 361 361 0 255
2 20,44201 0 0 0 0 361 361 361 361 0 255
2 20,20783 0 0 0 0 361 361 361 361 0 255
2 19,97248 0 0 0 0 361 361 361 361 0 255
2 19,72086 0 0 0 0 361 361 361 361 0 255
2 19,49103 0 0 0 0 361 361 361 361 0 255
2 19,23507 0 0 0 0 361 361 361 361 0 255
2 18,98492 0 0 0 0 361 361 361 361 0 255
2 18,77993 0 0 0 0 361 361 361 361 0 255
2 18,52701 0 0 0 0 361 361 361 361 0 255
2 18,25173 0 0 0 0 361 361 361 361 0 255
2 18,05859 0 0 0 0 361 361 361 361 0 255
2 17,84183 0 0 0 0 361 361 361 361 0 255
2 17,56574 0 0 0 0 361 361 361 361 0 255
2 17,34132 0 0 0 0 361 361 361 361 0 255
2 17,08912 0 0 0 0 361 361 361 361 0 255
2 16,888 0 0 0 0 361 361 361 361 0 255
2 16,66207 0 0 0 0 361 361 361 361 0 255
2 16,40996 0 0 0 0 361 361 361 361 0 255
2 16,16925 0 0 0 0 361 361 361 361 0 255
2 15,96393 0 0 0 0 361 361 361 361 0 255
2 15,70976 0 0 0 0 361 361 361 361 0 255
2 15,44151 0 0 0 0 361 361 361 361 0 255
2 15,25948 0 0 0 0 361 361 361 361 0 255
2 15,04375 0 0 0 0 361 361 361 361 0 255
2 14,76564 0 0 0 0 361 361 361 361 0 255
2 14,54646 0 0 0 0 361 361 361 361 0 244
2 14,35942 0 0 0 0 361 361 361 361 0 223
2 14,15335 0 0 0 0 361 361 361 361 0 179
2 13,97329 0 0 0 0 361 361 361 360 0 107
2 13,81838 0 0 0 0 361 361 361 360 0 0
2 13,68568 0 0 0 0 361 361 361 360 0 0
2 13,57456 0 0 0 0 361 361 361 360 0 0
2 13,43737 0 0 0 0 361 361 361 360 0 0
2 13,2852 0 0 0 0 361 361 361 361 0 0
2 13,15804 0 0 0 0 361 361 361 361 0 0
2 13,0183 0 0 0 0 361 361 361 361 0 0
2 12,86234 0 0 0 0 361 361 361 361 0 0
2 12,73159 0 0 0 0 361 361 361 361 0 0
2 12,58173 0 0 0 0 361 361 361 361 0 0
2 12,41302 0 0 0 0 361 361 361 361 0 0
2 12,27476 0 0 0 0 361 361 361 361 0 0
2 12,12336 0 0 0 0 361 361 361 361 0 0
2 11,96936 0 0 0 0 361 361 361 361 0 0
2 11,85808 0 0 0 0 361 361 361 361 0 0
2 11,74388 0 0 0 0 361 361 361 361 0 0
2 11,63376 0 0 0 0 361 361 361 361 0 0
2 11,55116 0 0 0 0 361 361 361 361 0 0
2 11,46107 0 0 0 0 361 361 361 360 0 0
2 11,35913 0 0 0 0 361 361 361 360 0 0
2 11,27247 0 0 0 0 361 361 361 360 0 0
2 11,17425 0 0 0 0 361 361 361 360 0 0
2 11,06515 0 0 0 0 361 361 361 360 0 0
2 10,96928 0 0 0 0 361 361 361 360 0 0
2 10,87131 0 0 0 0 361 361 361 360 0 0
2 10,74273 0 0 0 0 361 361 361 360 0 0
2 10,62905 0 0 0 0 361 361 361 360 0 0
2 10,49597 0 0 0 0 361 361 361 360 0 0
2 10,34898 0 0 0 0 361 361 361 361 0 0
2 10,23594 0 0 0 0 361 361 361 361 0 0
2 10,12432 0 0 0 0 361 361 361 361 0 0
2 10,01904 0 0 0 0 361 361 361 361 0 0
2 9,943509 0 0 0 0 361 361 361 361 0 0
2 9,865574 0 0 0 0 361 361 361 361 0 0
2 9,779922 0 0 0 0 361 361 361 360 0 0
2 9,704952 0 0 0 0 361 361 361 360 0 0
2 9,613751 0 0 0 0 361 361 361 360 0 0
2 9,504137 0 0 0 0 361 361 361 360 0 0
2 9,40969 0 0 0 0 361 361 361 360 0 0
2 9,303318 0 0 0 0 361 361 361 360 0 0
2 9,166452 0 0 0 0 361 361 361 360 0 0
2 9,025445 0 0 0 0 361 361 361 360 0 0
2 8,872939 0 0 0 0 361 361 361 360 0 0
2 8,678659 0 0 0 0 361 361 361 360 0 0
2 8,503709 0 0 0 0 361 361 361 360 0 0
2 8,315148 0 0 0 0 361 361 361 360 0 0
2 8,106362 0 0 0 0 361 361 361 360 0 0
2 7,923736 0 0 0 0 361 361 361 360 0 0
2 7,71788 0 0 0 0 361 361 361 360 0 0
2 7,491869 0 0 0 0 361 361 361 361 0 0
2 7,301217 0 0 0 0 361 361 361 361 0 0
2 7,086957 0 0 0 0 361 361 361 361 0 0
2 6,868715 0 0 0 0 361 361 361 361 0 0
2 6,748808 0 0 0 0 361 361 361 361 159 0
2 6,640952 0 0 0 0 361 361 361 361 226 0
2 6,565244 0 0 0 0 361 361 361 360 255 0
2 6,533763 0 0 0 0 361 361 361 360 255 0
2 6,522893 0 0 0 0 361 361 361 360 255 0
2 6,52767 0 0 0 0 361 361 361 360 255 0
2 6,544668 0 0 0 0 361 361 361 360 255 0
2 6,587268 0 0 0 0 361 361 361 360 255 0
2 6,645561 0 0 0 0 361 361 361 360 255 0
2 6,697139 0 0 0 0 361 361 361 360 255 0
2 6,762097 0 0 0 0 361 361 361 360 255 0
2 6,843819 0 0 0 0 361 361 361 360 255 0
2 6,913154 0 0 0 0 361 361 361 360 255 0
2 6,989945 0 0 0 0 361 361 361 361 255 0
2 7,081729 0 0 0 0 361 361 361 361 255 0
2 7,164771 0 0 0 0 361 361 361 361 255 0
2 7,259053 0 0 0 0 361 361 361 361 255 0
2 7,36967 0 0 0 0 361 361 361 361 255 0
2 7,478277 0 0 0 0 361 361 361 361 255 0
2 7,621791 0 0 0 0 361 361 361 361 255 0
2 7,793101 0 0 0 0 361 361 361 361 255 0
2 7,928107 0 0 0 0 361 361 361 361 255 0
2 8,079176 0 0 0 0 361 361 361 361 255 0
2 8,252642 0 0 0 0 361 361 361 361 255 0
2 8,394481 0 0 0 0 361 361 361 361 255 0
2 8,552541 0 0 0 0 361 361 361 361 255 0
2 8,731207 0 0 0 0 361 361 361 361 255 0
2 8,879234 0 0 0 0 361 361 361 361 255 0
2 9,04469 0 0 0 0 361 361 361 361 255 0
2 9,229281 0 0 0 0 361 361 361 361 255 0
2 9,382337 0 0 0 0 361 361 361 361 255 0
2 9,553399 0 0 0 0 361 361 361 361 255 0
2 9,742452 0 0 0 0 361 361 361 361 255 0
2 9,897989 0 0 0 0 361 361 361 361 255 0
2 10,07155 0 0 0 0 361 361 361 361 255 0
2 10,26344 0 0 0 0 361 361 361 361 255 0
2 10,42146 0 0 0 0 361 361 361 361 255 0
2 10,5985 0 0 0 0 361 361 361 361 255 0
2 10,79485 0 0 0 0 361 361 361 361 255 0
2 10,95687 0 0 0 0 361 361 361 361 255 0
2 11,13831 0 0 0 0 361 361 361 361 255 0
2 11,33965 0 0 0 0 361 361 361 361 255 0
2 11,50582 0 0 0 0 361 361 361 361 255 0
2 11,69149 0 0 0 0 361 361 361 361 255 0
2 11,89857 0 0 0 0 361 361 361 361 255 0
2 12,06972 0 0 0 0 361 361 361 361 255 0
2 12,26177 0 0 0 0 361 361 361 361 255 0
2 12,47494 0 0 0 0 361 361 361 361 255 0
2 12,6499 0 0 0 0 361 361 361 361 255 0
2 12,84561 0 0 0 0 361 361 361 361 255 0
2 13,06193 0 0 0 0 361 361 361 361 255 0
2 13,23958 0 0 0 0 361 361 361 361 255 0
2 13,43751 0 0 0 0 361 361 361 361 255 0
2 13,64322 0 0 0 0 361 361 361 361 255 0
2 13,8142 0 0 0 0 361 361 361 361 255 0
2 13,97113 0 0 0 0 361 361 361 361 255 0
2 14,17524 0 0 0 0 361 360 361 361 255 0
2 14,34767 0 0 0 0 361 360 361 361 255 0
2 14,53711 0 0 0 0 361 360 361 361 255 0
2 14,73886 0 0 0 0 361 360 361 361 255 0
2 14,90022 0 0 0 0 361 360 361 361 255 0
2 15,0777 0 0 0 0 361 360 361 361 255 0
2 15,27176 0 0 0 0 361 360 361 361 255 0
2 15,42959 0 0 0 0 361 360 361 361 255 0
2 15,60375 0 0 0 0 361 360 361 361 255 0
2 15,79385 0 0 0 0 361 360 361 361 255 0
2 15,96498 0 0 0 0 361 360 361 361 255 0
2 16,11784 0 0 0 0 361 360 361 361 255 0
2 16,30333 0 0 0 0 360 360 361 361 255 0
2 16,45411 0 0 0 0 360 360 361 361 255 0
2 16,62077 0 0 0 0 360 360 361 361 255 0
2 16,80323 0 0 0 0 360 360 361 361 255 0
2 16,95197 0 0 0 0 360 360 361 361 255 0
2 17,11669 0 0 0 0 360 360 361 361 255 0
2 17,29713 0 0 0 0 360 360 361 361 255 0
2 17,44407 0 0 0 0 360 360 361 361 255 0
2 17,60653 0 0 0 0 360 360 361 361 255 0
2 17,78409 0 0 0 0 360 360 361 361 255 0
2 17,92847 0 0 0 0 360 360 361 361 255 0
2 18,10375 0 0 0 0 360 360 361 361 255 0
2 18,26208 0 0 0 0 360 360 361 361 255 0
2 18,4036 0 0 0 0 360 360 361 361 255 0
2 18,55993 0 0 0 0 360 360 361 361 255 0
2 18,73055 0 0 0 0 360 360 361 361 255 0
2 18,86917 0 0 0 0 360 360 361 361 255 0
2 19,02209 0 0 0 0 360 360 361 361 255 0
2 19,18888 0 0 0 0 360 360 361 361 255 0
2 19,3242 0 0 0 0 360 360 361 361 255 0
2 19,4733 0 0 0 0 360 360 361 361 255 0
2 19,63572 0 0 0 0 360 360 361 361 255 0
2 19,76737 0 0 0 0 360 360 361 361 255 0
2 19,91231 0 0 0 0 360 360 361 361 255 0
2 20,07014 0 0 0 0 360 360 361 361 255 0
2 20,19802 0 0 0 0 360 360 361 361 255 0
2 20,33883 0 0 0 0 360 360 361 361 255 0
2 20,49214 0 0 0 0 360 360 361 361 255 0
2 20,63013 0 0 0 0 360 360 361 361 255 0
2 20,75325 0 0 0 0 360 360 361 361 255 0
2 20,90226 0 0 0 0 360 360 361 361 255 0
2 21,02293 0 0 0 0 360 360 361 361 255 0
2 21,15563 0 0 0 0 360 360 361 361 255 0
2 21,29981 0 0 0 0 360 360 361 361 255 0
2 21,41635 0 0 0 0 360 360 361 361 255 0
2 21,54434 0 0 0 0 360 360 361 361 255 0
2 21,68331 0 0 0 0 360 360 361 361 255 0
2 21,78269 0 0 0 0 360 360 361 361 76 0
2 21,7058 0 0 0 0 360 360 361 361 76 0
2 21,74972 0 0 0 0 360 360 361 361 76 0
2 21,705 0 0 0 0 360 360 361 361 76 0
2 21,7283 0 0 0 0 360 360 361 361 255 0
2 21,7997 0 0 0 0 360 360 361 361 255 0
2 21,79656 0 0 0 0 360 360 361 361 255 0
2 21,89875 0 0 0 0 360 360 361 361 255 0
2 22,09759 0 0 0 0 360 360 361 361 255 0
2 22,29856 0 0 0 0 360 360 361 361 255 0
2 22,51433 0 0 0 0 360 360 361 361 255 0
2 22,73059 0 0 0 0 360 360 361 361 255 0
2 22,91884 0 0 0 0 360 360 361 361 255 0
2 23,10728 0 0 0 0 360 360 361 361 255 0
2 23,27012 0 0 0 0 360 360 361 361 255 0
2 23,38732 0 0 0 0 360 360 361 361 255 0
2 23,51418 0 0 0 0 360 360 361 361 255 0
2 23,64907 0 0 0 0 360 360 361 361 255 0
2 23,75488 0 0 0 0 360 360 361 361 255 0
2 23,86914 0 0 0 0 360 360 361 361 255 0
2 23,9921 0 0 0 0 360 360 361 361 255 0
2 24,09219 0 0 0 0 360 360 361 361 255 0
2 24,20457 0 0 0 0 360 360 361 361 255 0
2 24,33086 0 0 0 0 360 360 361 361 255 0
2 24,43698 0 0 0 0 360 360 361 361 255 0
2 24,55739 0 0 0 0 360 360 361 361 255 0
2 24,69148 0 0 0 0 360 360 361 361 255 0
2 24,80161 0 0 0 0 360 360 361 361 255 0
2 24,9233 0 0 0 0 360 360 361 361 255 0
2 25,05525 0 0 0 0 360 360 361 361 255 0
2 25,16147 0 0 0 0 360 360 361 361 255 0
2 25,27788 0 0 0 0 360 360 361 361 255 0
2 25,40457 0 0 0 0 360 360 361 361 255 0
2 25,50769 0 0 0 0 360 360 361 361 255 0
2 25,6221 0 0 0 0 360 360 361 361 255 0
2 25,74794 0 0 0 0 360 360 361 361 255 0
2 25,85088 0 0 0 0 360 360 361 361 255 0
2 25,96515 0 0 0 0 360 360 361 361 255 0
2 26,09065 0 0 0 0 360 360 361 361 255 0
2 26,19314 0 0 0 0 360 360 361 361 255 0
2 26,3068 0 0 0 0 360 360 361 361 255 0
2 26,43148 0 0 0 0 360 360 361 361 255 0
2 26,53321 0 0 0 0 360 360 361 361 255 0
2 26,64584 0 0 0 0 360 360 361 361 255 0
2 26,7692 0 0 0 0 360 360 361 361 255 0
2 26,86968 0 0 0 0 360 360 361 361 255 0
2 26,98079 0 0 0 0 360 360 361 361 255 0
2 27,10234 0 0 0 0 360 360 361 361 255 0
2 27,20125 0 0 0 0 360 360 361 361 255 0
2 27,3106 0 0 0 0 360 360 361 361 255 0
2 27,43027 0 0 0 0 360 360 361 361 255 0
2 27,52757 0 0 0 0 360 360 361 361 255 0
2 27,63479 0 0 0 0 360 360 361 361 255 0
2 27,75154 0 0 0 0 360 360 361 361 255 0
2 27,84603 0 0 0 0 360 360 361 361 255 0
2 27,94991 0 0 0 0 360 360 361 361 255 0
2 28,0628 0 0 0 0 360 360 361 361 255 0
2 28,15414 0 0 0 0 360 360 361 361 255 0
2 28,25466 0 0 0 0 360 360 361 361 255 0
2 28,36426 0 0 0 0 360 360 361 361 255 0
2 28,45327 0 0 0 0 360 360 361 361 255 0
2 28,55143 0 0 0 0 360 360 361 361 255 0
2 28,65837 0 0 0 0 360 360 361 361 255 0
2 28,74493 0 0 0 0 360 360 361 361 255 0
2 28,83993 0 0 0 0 360 360 361 361 255 0
2 28,94318 0 0 0 0 360 360 361 361 255 0
2 29,02727 0 0 0 0 360 360 361 361 255 0
2 29,11984 0 0 0 0 360 360 361 361 255 0
2 29,22089 0 0 0 0 360 360 361 361 255 0
2 29,30297 0 0 0 0 360 360 361 361 255 0
2 29,3934 0 0 0 0 360 360 361 361 255 0
2 29,49273 0 0 0 0 360 360 361 361 255 0
2 29,57342 0 0 0 0 360 360 361 361 255 0
2 29,66241 0 0 0 0 360 360 361 361 255 0
2 29,75966 0 0 0 0 360 360 361 361 255 0
2 29,83857 0 0 0 0 360 360 361 361 255 0
2 29,92576 0 0 0 0 360 360 361 361 255 0
2 30,02102 0 0 0 0 360 360 361 361 255 0
2 30,09883 0 0 0 0 360 360 361 361 255 0
2 30,18545 0 0 0 0 360 360 361 361 255 0
2 30,28116 0 0 0 0 360 360 361 361 255 0
2 30,36005 0 0 0 0 360 360 361 361 255 0
2 30,4481 0 0 0 0 360 360 361 361 255 0
2 30,54533 0 0 0 0 360 360 361 361 255 0
2 30,62493 0 0 0 0 360 360 361 361 255 0
2 30,71331 0 0 0 0 360 360 361 361 255 0
2 30,81044 0 0 0 0 360 360 361 361 255 0
2 30,88977 0 0 0 0 360 360 361 361 255 0
2 30,97773 0 0 0 0 360 360 361 361 255 0
2 31,07436 0 0 0 0 360 360 361 361 255 0
2 31,15333 0 0 0 0 360 360 361 361 255 0
2 31,24114 0 0 0 0 360 360 361 361 255 0
2 31,33776 0 0 0 0 360 360 361 361 255 0
2 31,41683 0 0 0 0 360 360 361 361 255 0
2 31,50463 0 0 0 0 360 360 361 361 255 0
2 31,60089 0 0 0 0 360 360 361 361 255 0
2 31,67939 0 0 0 0 360 360 361 361 255 0
2 31,76607 0 0 0 0 360 360 361 361 255 0
2 31,85882 0 0 0 0 360 360 361 361 76 0
2 31,8399 0 0 0 0 360 360 361 361 76 0
2 31,82638 0 0 0 0 360 360 361 361 76 0
2 31,81238 0 0 0 0 360 360 361 360 76 0
2 31,80048 0 0 0 0 360 360 361 360 107 0
2 31,83489 0 0 0 0 360 360 361 360 255 0
2 31,83164 0 0 0 0 360 360 361 360 255 0
2 31,89559 0 0 0 0 360 360 361 360 255 0
2 32,01851 0 0 0 0 360 360 361 360 255 0
2 32,17336 0 0 0 0 360 360 361 360 255 0
2 32,3288 0 0 0 0 360 360 361 360 255 0
2 32,48552 0 0 0 0 360 360 361 360 255 0
2 32,63054 0 0 0 0 360 360 361 360 255 0
2 32,73349 0 0 0 0 360 360 361 360 255 0
2 32,82547 0 0 0 0 360 360 361 360 255 0
2 32,90949 0 0 0 0 360 360 361 360 255 0
2 32,97607 0 0 0 0 360 360 361 360 255 0
2 33,05523 0 0 0 0 360 360 361 360 255 0
2 33,14919 0 0 0 0 360 360 361 360 255 0
2 33,22823 0 0 0 0 360 360 361 360 255 0
2 33,31515 0 0 0 0 360 360 361 360 255 0
2 33,40854 0 0 0 0 360 360 361 360 255 0
2 33,48448 0 0 0 0 360 360 361 360 255 0
2 33,57005 0 0 0 0 360 360 360 360 255 0
2 33,66632 0 0 0 0 360 360 360 360 255 0
2 33,74601 0 0 0 0 360 360 360 360 255 0
2 33,83438 0 0 0 0 360 360 360 360 255 0
2 33,93026 0 0 0 0 360 360 360 360 255 0
2 34,00755 0 0 0 0 360 360 360 360 255 0
2 34,09252 0 0 0 0 360 360 360 360 255 0
2 34,18526 0 0 0 0 360 360 360 360 255 0
2 34,26091 0 0 0 0 360 360 360 360 255 0
2 34,34498 0 0 0 0 360 360 360 360 255 0
2 34,43742 0 0 0 0 360 360 360 360 255 0
2 34,51314 0 0 0 0 360 360 360 360 255 0
2 34,59728 0 0 0 0 360 360 360 360 255 0
2 34,68997 0 0 0 0 360 360 360 360 255 0
2 34,76583 0 0 0 0 360 360 360 360 255 0
2 34,85001 0 0 0 0 360 360 360 360 255 0
2 34,94224 0 0 0 0 360 360 360 360 255 0
2 35,01737 0 0 0 0 360 360 360 360 255 0
2 35,10049 0 0 0 0 360 360 360 360 255 0
2 35,19163 0 0 0 0 360 360 360 360 255 0
2 35,26606 0 0 0 0 360 360 360 360 255 0
2 35,34865 0 0 0 0 360 360 360 360 255 0
2 35,43922 0 0 0 0 360 360 360 360 255 0
2 35,51303 0 0 0 0 360 360 360 360 255 0
2 35,59475 0 0 0 0 360 360 360 360 255 0
2 35,68425 0 0 0 0 360 360 360 360 255 0
2 35,75716 0 0 0 0 360 360 360 360 255 0
2 35,83795 0 0 0 0 360 360 360 360 255 0
2 35,92646 0 0 0 0 360 360 360 360 255 0
2 35,99856 0 0 0 0 360 360 360 360 255 0
2 36,0784 0 0 0 0 360 360 360 360 255 0
2 36,16592 0 0 0 0 360 360 360 360 255 0
2 36,23723 0 0 0 0 360 360 360 360 255 0
2 36,31588 0 0 0 0 360 360 360 360 255 0
2 36,40184 0 0 0 0 360 360 360 360 255 0
2 36,47188 0 0 0 0 360 360 360 360 255 0
2 36,54931 0 0 0 0 360 360 360 360 255 0
2 36,63394 0 0 0 0 360 360 360 360 255 0
2 36,70282 0 0 0 0 360 360 360 360 255 0
2 36,77888 0 0 0 0 360 360 360 360 255 0
2 36,86188 0 0 0 0 360 360 360 360 255 0
2 36,92918 0 0 0 0 360 360 360 360 255 0
2 37,00293 0 0 0 0 360 360 360 360 255 0
2 37,08284 0 0 0 0 360 360 360 360 255 0
2 37,14721 0 0 0 0 360 360 360 360 255 0
2 37,2176 0 0 0 0 360 360 360 360 255 0
2 37,29383 0 0 0 0 360 360 360 360 255 0
2 37,35548 0 0 0 0 360 360 360 360 255 0
2 37,42432 0 0 0 0 360 360 360 360 255 0
2 37,50067 0 0 0 0 360 360 360 360 255 0
2 37,56343 0 0 0 0 360 360 360 360 255 0
2 37,63376 0 0 0 0 360 360 360 360 255 0
2 37,71152 0 0 0 0 360 360 360 360 255 0
2 37,77533 0 0 0 0 360 360 360 360 255 0
2 37,84608 0 0 0 0 360 360 360 360 255 0
2 37,9236 0 0 0 0 360 360 360 360 255 0
2 37,9867 0 0 0 0 360 360 360 360 255 0
2 38,05609 0 0 0 0 360 360 360 360 255 0
2 38,13172 0 0 0 0 360 360 360 360 255 0
2 38,19327 0 0 0 0 360 360 360 360 255 0
2 38,2617 0 0 0 0 360 360 360 360 255 0
2 38,33701 0 0 0 0 360 360 360 360 255 0
2 38,39846 0 0 0 0 360 360 360 360 255 0
2 38,46705 0 0 0 0 360 360 360 360 255 0
2 38,54229 0 0 0 0 360 360 360 360 255 0
2 38,60419 0 0 0 0 360 360 360 360 255 0
2 38,6725 0 0 0 0 360 360 360 360 255 0
2 38,74777 0 0 0 0 360 360 360 360 255 0
2 38,80921 0 0 0 0 360 360 360 360 255 0
2 38,87744 0 0 0 0 360 360 360 360 255 0
2 38,95241 0 0 0 0 360 360 360 360 255 0
2 39,01369 0 0 0 0 360 360 360 360 255 0
2 39,08179 0 0 0 0 360 360 360 360 255 0
2 39,15662 0 0 0 0 360 360 360 360 255 0
2 39,21773 0 0 0 0 360 360 360 360 255 0
2 39,29223 0 0 0 0 360 360 360 360 255 0
2 39,35973 0 0 0 0 360 360 360 360 255 0
2 39,42028 0 0 0 0 360 360 360 360 255 0
2 39,48736 0 0 0 0 360 360 360 360 255 0
2 39,56088 0 0 0 0 360 360 360 360 255 0
2 39,62085 0 0 0 0 360 360 360 360 255 0
2 39,68731 0 0 0 0 360 360 360 360 255 0
2 39,7601 0 0 0 0 360 360 360 360 255 0
2 39,8194 0 0 0 0 360 360 360 360 255 0
2 39,88501 0 0 0 0 360 360 360 360 255 0
2 39,9568 0 0 0 0 360 360 360 360 255 0
2 40,01527 0 0 0 0 360 360 360 360 255 0
2 40,07999 0 0 0 0 360 360 360 360 255 0
2 40,15087 0 0 0 0 360 360 360 360 255 0
2 40,21503 0 0 0 0 360 360 360 360 255 0
2 40,27258 0 0 0 0 360 360 360 360 255 0
2 40,34262 0 0 0 0 360 360 360 360 255 0
2 40,3997 0 0 0 0 360 360 360 360 255 0
2 40,46288 0 0 0 0 360 360 360 360 255 0
2 40,53206 0 0 0 0 360 360 360 360 255 0
2 40,58843 0 0 0 0 360 360 360 360 255 0
2 40,65081 0 0 0 0 360 360 360 360 255 0
2 40,71911 0 0 0 0 360 360 360 360 255 0
2 40,77476 0 0 0 0 360 360 360 360 255 0
2 40,83635 0 0 0 0 360 360 360 360 255 0
2 40,90379 0 0 0 0 360 360 360 360 255 0
2 40,95873 0 0 0 0 360 360 360 360 255 0
2 41,01952 0 0 0 0 360 360 360 360 255 0
2 41,08609 0 0 0 0 360 360 360 360 255 0
2 41,14032 0 0 0 0 360 360 360 360 255 0
2 41,2003 0 0 0 0 360 360 360 360 255 0
2 41,26585 0 0 0 0 360 360 360 360 255 0
2 41,31907 0 0 0 0 360 360 360 360 191 0
2 41,33397 0 0 0 0 360 360 360 360 76 0
2 41,30234 0 0 0 0 360 360 360 360 76 0
2 41,29658 0 0 0 0 360 360 360 360 76 0
2 41,26883 0 0 0 0 360 360 360 360 76 0
2 41,28192 0 0 0 0 360 360 360 360 255 0
2 41,27074 0 0 0 0 360 360 360 360 255 0
2 41,30457 0 0 0 0 360 360 360 360 255 0
2 41,38895 0 0 0 0 360 360 360 360 255 0
2 41,47598 0 0 0 0 360 360 360 360 255 0
2 41,61681 0 0 0 0 360 360 360 360 255 0
2 41,76347 0 0 0 0 360 360 360 360 255 0
2 41,85221 0 0 0 0 360 360 360 360 255 0
2 41,91449 0 0 0 0 360 360 360 360 255 0
2 41,96274 0 0 0 0 360 360 360 360 255 0
2 42,00756 0 0 0 0 360 360 360 360 255 0
2 42,07018 0 0 0 0 360 360 360 360 255 0
2 42,14561 0 0 0 0 360 360 360 360 255 0
2 42,20337 0 0 0 0 360 360 360 360 255 0
2 42,26091 0 0 0 0 360 360 360 360 255 0
2 42,32162 0 0 0 0 360 360 360 360 255 0
2 42,37396 0 0 0 0 360 360 360 360 255 0
2 42,43602 0 0 0 0 360 360 360 360 255 0
2 42,50592 0 0 0 0 360 360 360 360 255 0
2 42,56218 0 0 0 0 360 360 360 360 255 0
2 42,62324 0 0 0 0 360 360 360 360 255 0
2 42,68996 0 0 0 0 360 360 360 360 255 0
2 42,74493 0 0 0 0 360 360 360 360 255 0
2 42,80637 0 0 0 0 360 360 360 360 255 0
2 42,87372 0 0 0 0 360 360 360 360 255 0
2 42,9284 0 0 0 0 360 360 360 360 255 0
2 42,98894 0 0 0 0 360 360 360 360 255 0
2 43,05563 0 0 0 0 360 360 360 360 255 0
2 43,11031 0 0 0 0 360 360 360 360 255 0
2 43,17113 0 0 0 0 360 360 360 360 255 0
2 43,23788 0 0 0 0 360 360 360 360 255 0
2 43,29231 0 0 0 0 360 360 360 360 255 0
2 43,35264 0 0 0 0 360 360 360 360 255 0
2 43,41882 0 0 0 0 360 360 360 360 255 0
2 43,47887 0 0 0 0 360 360 360 360 255 0
2 43,53281 0 0 0 0 360 360 360 360 255 0
2 43,59864 0 0 0 0 360 360 360 360 255 0
2 43,65243 0 0 0 0 360 360 360 360 255 0
2 43,71215 0 0 0 0 360 360 360 360 255 0
2 43,77777 0 0 0 0 360 360 360 360 255 0
2 43,83134 0 0 0 0 360 360 360 360 255 0
2 43,89076 0 0 0 0 360 360 360 360 255 0
2 43,95599 0 0 0 0 360 360 360 360 255 0
2 44,00929 0 0 0 0 360 360 360 360 255 0
2 44,06843 0 0 0 0 360 360 360 360 255 0
2 44,13338 0 0 0 0 360 360 360 360 255 0
2 44,18643 0 0 0 0 360 360 360 360 255 0
2 44,24529 0 0 0 0 360 360 360 360 255 0
2 44,30994 0 0 0 0 360 360 360 360 255 0
2 44,36277 0 0 0 0 360 360 360 360 255 0
2 44,4214 0 0 0 0 360 360 360 360 255 0
2 44,48579 0 0 0 0 360 360 360 360 255 0
2 44,53838 0 0 0 0 360 360 360 360 255 0
2 44,59672 0 0 0 0 360 360 360 360 255 0
2 44,66079 0 0 0 0 360 360 360 360 255 0
2 44,7131 0 0 0 0 360 360 360 360 255 0
2 44,77114 0 0 0 0 360 360 360 360 255 0
2 44,83485 0 0 0 0 360 360 360 360 255 0
2 44,88688 0 0 0 0 360 360 360 360 255 0
2 44,94454 0 0 0 0 360 360 360 360 255 0
2 45,00782 0 0 0 0 360 360 360 360 255 0
2 45,05947 0 0 0 0 360 360 360 360 255 0
2 45,11676 0 0 0 0 360 360 360 360 255 0
2 45,17964 0 0 0 0 360 360 360 360 255 0
2 45,23098 0 0 0 0 360 360 360 360 255 0
2 45,28791 0 0 0 0 360 360 360 360 255 0
2 45,35038 0 0 0 0 360 360 360 360 255 0
2 45,40138 0 0 0 0 360 360 360 360 255 0
2 45,45794 0 0 0 0 360 360 360 360 255 0
2 45,52002 0 0 0 0 360 360 360 360 255 0
2 45,57069 0 0 0 0 360 360 360 360 255 0
2 45,62688 0 0 0 0 360 360 360 360 255 0
2 45,68855 0 0 0 0 360 360 360 360 255 0
2 45,73889 0 0 0 0 360 360 360 360 255 0
2 45,79472 0 0 0 0 360 360 360 360 255 0
2 45,856 0 0 0 0 360 360 360 360 255 0
2 45,90602 0 0 0 0 360 360 360 360 255 0
2 45,96148 0 0 0 0 360 360 360 360 255 0
2 46,02236 0 0 0 0 360 360 360 360 255 0
2 46,07206 0 0 0 0 360 360 360 360 255 0
2 46,12716 0 0 0 0 360 360 360 360 255 0
2 46,18764 0 0 0 0 360 360 360 360 255 0
2 46,23701 0 0 0 0 360 360 360 360 255 0
2 46,29176 0 0 0 0 360 360 360 360 255 0
2 46,35183 0 0 0 0 360 360 360 360 255 0
2 46,40088 0 0 0 0 360 360 360 360 255 0
2 46,45527 0 0 0 0 360 360 360 360 255 0
2 46,51495 0 0 0 0 360 360 360 360 255 0
2 46,56368 0 0 0 0 360 360 360 360 255 0
2 46,61771 0 0 0 0 360 360 360 360 255 0
2 46,67701 0 0 0 0 360 360 360 360 255 0
2 46,72542 0 0 0 0 360 360 360 360 255 0
2 46,77909 0 0 0 0 360 360 360 360 255 0
2 46,83799 0 0 0 0 360 360 360 360 255 0
2 46,88608 0 0 0 0 360 360 360 360 255 0
2 46,93938 0 0 0 0 360 360 360 360 255 0
2 46,99786 0 0 0 0 360 360 360 360 255 0
2 47,04562 0 0 0 0 360 360 360 360 255 0
2 47,09856 0 0 0 0 360 360 360 360 255 0
2 47,15663 0 0 0 0 360 360 360 360 255 0
2 47,20402 0 0 0 0 360 360 360 360 255 0
2 47,25653 0 0 0 0 360 360 360 360 255 0
2 47,31414 0 0 0 0 360 360 360 360 255 0
2 47,36115 0 0 0 0 360 360 360 360 255 0
2 47,41327 0 0 0 0 360 360 360 360 255 0
2 47,47045 0 0 0 0 360 360 360 360 255 0
2 47,52229 0 0 0 0 360 360 360 360 255 0
2 47,56884 0 0 0 0 360 360 360 360 255 0
2 47,62558 0 0 0 0 360 360 360 360 255 0
2 47,67189 0 0 0 0 360 360 360 360 255 0
2 47,72322 0 0 0 0 360 360 360 360 255 0
2 47,77953 0 0 0 0 360 360 360 360 255 0
2 47,82549 0 0 0 0 360 360 360 360 255 0
2 47,87643 0 0 0 0 360 360 360 360 255 0
2 47,93231 0 0 0 0 360 360 360 360 255 0
2 47,97792 0 0 0 0 360 360 360 360 255 0
2 48,02848 0 0 0 0 360 360 360 360 255 0
2 48,08393 0 0 0 0 360 360 360 360 255 0
2 48,1292 0 0 0 0 360 360 360 360 255 0
2 48,17936 0 0 0 0 360 360 360 360 255 0
2 48,2344 0 0 0 0 360 360 360 360 255 0
2 48,27932 0 0 0 0 360 360 360 360 255 0
2 48,32911 0 0 0 0 360 360 360 360 255 0
2 48,38372 0 0 0 0 360 360 360 360 255 0
2 48,42829 0 0 0 0 360 360 360 360 255 0
2 48,4777 0 0 0 0 360 360 360 360 255 0
2 48,5319 0 0 0 0 360 360 360 360 255 0
2 48,57614 0 0 0 0 360 360 360 360 255 0
2 48,62517 0 0 0 0 360 360 360 360 255 0
2 48,67897 0 0 0 0 360 360 360 360 255 0
2 48,72287 0 0 0 0 360 360 360 360 255 0
2 48,77153 0 0 0 0 360 360 360 360 255 0
2 48,82491 0 0 0 0 360 360 360 360 255 0
2 48,86847 0 0 0 0 360 360 360 360 255 0
2 48,91674 0 0 0 0 360 360 360 360 255 0
2 48,9697 0 0 0 0 360 360 360 360 255 0
2 49,01291 0 0 0 0 360 360 360 360 255 0
2 49,06081 0 0 0 0 360 360 360 360 255 0
2 49,1134 0 0 0 0 360 360 360 360 255 0
2 49,15631 0 0 0 0 360 360 360 360 255 0
2 49,20386 0 0 0 0 360 360 360 360 255 0
2 49,25597 0 0 0 0 360 360 360 360 255 0
3 49,29845 132,5128 44,24878 34,43225 106,3565 360 360 360 360 255 0
3 49,3455 132,5128 44,24878 34,43225 106,3565 360 360 360 360 255 0
3 49,39711 132,5128 44,24878 34,43225 106,3565 360 360 360 360 255 0
3 49,43924 132,5128 44,24878 34,43225 106,3565 360 360 360 360 255 0
3 49,48597 132,5128 44,24878 34,43225 106,3565 360 360 360 360 255 0
3 49,53723 132,5128 44,24878 34,43225 106,3565 360 360 360 360 255 0
3 49,57908 132,5128 44,24878 34,43225 106,3565 360 360 360 360 255 0
3 49,62547 132,5128 44,24878 34,43225 106,3565 360 360 360 360 255 0
3 49,6763 132,5128 44,24878 34,43225 106,3565 360 360 360 360 255 0
3 49,71757 132,5128 44,24878 34,43225 106,3565 360 360 360 360 255 0
3 49,76297 132,5128 44,24878 34,43225 106,3565 360 360 360 360 255 0
3 49,81245 132,5128 44,24878 34,43225 106,3565 360 360 360 360 255 0
3 49,85247 132,5128 44,24878 34,43225 106,3565 360 360 360 360 255 0
3 49,89651 132,5128 44,24878 34,43225 106,3565 360 360 360 360 255 0
3 49,94458 132,5128 44,24878 34,43225 106,3565 360 360 360 360 255 0
3 49,98356 132,5128 44,24878 34,43225 106,3565 360 360 360 360 255 0
3 50,02646 132,5128 44,24878 34,43225 106,3565 360 360 360 360 255 0
3 50,0731 132,5128 44,24878 34,43225 106,3565 360 360 360 360 255 0
3 50,11052 132,5128 44,24878 34,43225 106,3565 360 360 360 360 255 0
3 50,15126 132,5128 44,24878 34,43225 106,3565 360 360 360 360 255 0
3 50,19471 132,5128 44,24878 34,43225 106,3565 360 360 360 360 255 0
3 50,22976 132,5128 44,24878 34,43225 106,3565 360 360 360 360 255 0
3 50,26879 132,5128 44,24878 34,43225 106,3565 360 360 360 360 255 0
3 50,31236 132,5128 44,24878 34,43225 106,3565 360 360 360 360 255 0
3 50,34837 132,5128 44,24878 34,43225 106,3565 360 360 360 360 255 0
3 50,38885 132,5128 44,24878 34,43225 106,3565 360 360 360 360 255 0
3 50,43351 132,5128 44,24878 34,43225 106,3565 360 360 360 360 255 0
3 50,46951 132,5128 44,24878 34,43225 106,3565 360 360 360 360 255 0
3 50,50841 132,5128 44,24878 34,43225 106,3565 360 360 360 360 255 0
3 50,5497 132,5128 44,24878 34,43225 106,3565 360 360 360 360 255 0
3 50,58242 132,5128 44,24878 34,43225 106,3565 360 360 360 360 255 0
3 50,61797 132,5128 44,24878 34,43225 106,3565 360 360 360 360 255 0
3 50,65627 132,5128 44,24878 34,43225 106,3565 360 360 360 360 255 0
3 50,68702 132,5128 44,24878 34,43225 106,3565 360 360 360 360 255 0
3 50,72063 132,5128 44,24878 34,43225 106,3565 360 360 360 360 255 0
3 50,757 132,5128 44,24878 34,43225 106,3565 360 360 360 360 255 0
3 50,7863 132,5128 44,24878 34,43225 106,3565 360 360 360 360 255 0
3 50,81825 132,5128 44,24878 34,43225 106,3565 360 360 360 360 255 0
3 50,85252 132,5128 44,24878 34,43225 106,3565 360 360 360 360 255 0
3 50,88008 132,5128 44,24878 34,43225 106,3565 360 360 360 360 255 0
3 50,91145 132,5128 44,24878 34,43225 106,3565 360 360 360 360 255 0
3 50,94651 132,5128 44,24878 34,43225 106,3565 360 360 360 360 255 0
3 50,97472 132,5128 44,24878 34,43225 106,3565 360 360 360 360 255 0
3 51,00631 132,5128 44,24878 34,43225 106,3565 360 360 360 360 255 0
3 51,04169 132,5128 44,24878 34,43225 106,3565 360 360 360 360 255 0
3 51,0713 132,5128 44,24878 34,43225 106,3565 360 360 360 360 255 0
3 51,10508 132,5128 44,24878 34,43225 106,3565 360 360 360 360 255 0
3 51,14306 132,5128 44,24878 34,43225 106,3565 360 360 360 361 255 0
3 51,1744 132,5128 44,24878 34,43225 106,3565 360 360 360 361 255 0
3 51,20916 132,5128 44,24878 34,43225 106,3565 360 360 360 361 255 0
3 51,24736 132,5128 44,24878 34,43225 106,3565 360 360 360 361 255 0
3 51,27877 132,5128 44,24878 34,43225 106,3565 360 360 360 361 255 0
3 51,31419 132,5128 44,24878 34,43225 106,3565 360 360 360 361 255 0
3 51,35332 132,5128 44,24878 34,43225 106,3565 360 360 360 361 255 0
3 51,38575 132,5128 44,24878 34,43225 106,3565 360 360 360 361 255 0
3 51,42279 132,5128 44,24878 34,43225 106,3565 360 360 360 361 255 0
3 51,46354 132,5128 44,24878 34,43225 106,3565 360 360 360 361 255 0
3 51,49659 132,5128 44,24878 34,43225 106,3565 360 360 360 361 255 0
3 51,53254 132,5128 44,24878 34,43225 106,3565 360 360 360 361 255 0
3 51,57101 132,5128 44,24878 34,43225 106,3565 360 360 360 361 255 0
3 51,6018 132,5128 44,24878 34,43225 106,3565 360 360 360 361 255 0
3 51,63566 132,5128 44,24878 34,43225 106,3565 360 360 360 361 255 0
3 51,67274 132,5128 44,24878 34,43225 106,3565 360 360 360 361 255 0
